"build end"
"thread start"
"server start"
recv data: name
send data: =TantamaGo
recv data: name
send data: =TantamaGo
recv data: protocol_version
send data: =2
recv data: version
send data: =0.1
recv data: list_commands
send data: =list_commands
name
boardsize
clear_board
komi
play
genmove
quit
showboard

recv data: name
send data: =TantamaGo
recv data: protocol_version
send data: =2
recv data: boardsize 9
send data: =
recv data: clear_board
send data: =
recv data: komi 7.5
send data: =

--------------------
rootPtr: 0x7fbe897ed220

合法手の表示。teban: 1
   0    0    0    0    0    0    0    0    0 
   0    0    0    0    0    0    0    0    0 
   0    0    0    0    0    0    0    0    0 
   0    0    0    0    0    0    0    0    0 
   0    0    0    0    0    0    0    0    0 
   0    0    0    0    0    0    0    0    0 
   0    0    0    0    0    0    0    0    0 
   0    0    0    0    0    0    0    0    0 
   0    0    0    0    0    0    0    0    0 
pass:    0

visitの表示。ucts.size(): 82, visit: 14104
  68   75   66   84   84   80   70   72   68 
  77   56   56   72   94   79   60   51   71 
  75   64   90  158  281  174   94   55   64 
  92   94  185  620  807  672  170   69   79 
  95  142  349  860  677  944  327   94   72 
  84   99  178  688  897  799  178   73   71 
  64   62  101  178  326  188   99   61   65 
  49   48   54   68   98   84   62   52   70 
  76   51   62   62   82   80   70   67   75 
pass:   78

"policys勝率*1000 policys.size():", 82
   0    0    0    0    0    0    0    0    0 
   0    1    0    0    0    0    0    2    0 
   0    0   10   26    8   25   11    0    0 
   0    0   24  100  109   92   19    0    0 
   0    0    8  108  477  116    6    0    0 
   0    0   22   97  112   95   25    0    0 
   0    0   10   22    8   21   12    0    0 
   0    2    0    0    0    0    0    3    0 
   0    0    0    0    0    0    0    0    0 
"pass:", 0
"values:", [0.5222738981246948,0.0005538783152587712,0.47717219591140747]

勝率*1000 の表示。ucts.size(): 82, visit: 14444
 292  320  282  346  348  332  299  301  290 
 324  235  236  314  369  328  256  205  297 
 315  273  362  472  562  486  372  228  273 
 365  374  496  644  664  650  481  300  329 
 371  452  585  669  651  676  576  369  311 
 344  381  490  651  672  663  490  315  304 
 271  270  385  490  580  500  379  260  278 
 194  185  225  293  380  343  264  212  299 
 319  201  260  265  335  331  296  288  315 
pass:  328

uct値*100 を表示 ucts.size(): 82, visit: 14444
  81   81   81   81   81   81   81   81   81 
  81   81   81   81   81   81   81   81   81 
  81   81   81   81   81   81   81   81   81 
  81   81   81   81   81   81   81   81   81 
  81   81   81   81   81   81   81   81   81 
  81   81   81   81   81   81   81   81   81 
  81   81   81   81   81   81   81   81   81 
  81   81   81   81   81   81   81   81   81 
  81   81   81   81   81   81   81   81   81 
pass: 81
ans: 1 [5, 6], uct: 0.817081, visit: 968, winrate:0.676406

-1 -1 1
moveCnt: 0, teban: 1
    A B C D E F G H J
 1  ┌ ┬ ┬ ┬ ┬ ┬ ┬ ┬ ┐
 2  ├ + + + + + + + ┤
 3  ├ + + + + + + + ┤
 4  ├ + + + + + + + ┤
 5  ├ + + + + + + + ┤
 6  ├ + + + + + + + ┤
 7  ├ + + + + + + + ┤
 8  ├ + + + + + + + ┤
 9  └ ┴ ┴ ┴ ┴ ┴ ┴ ┴ ┘

recv data: play B F6
send data: =

--------------------
rootPtr: 0x7fbe881e3170

合法手の表示。teban: 2
   0    0    0    0    0    0    0    0    0 
   0    0    0    0    0    0    0    0    0 
   0    0    0    0    0    0    0    0    0 
   0    0    0    0    0    0    0    0    0 
   0    0    0    0    0    0    0    0    0 
   0    0    0    0    0    1    0    0    0 
   0    0    0    0    0    0    0    0    0 
   0    0    0    0    0    0    0    0    0 
   0    0    0    0    0    0    0    0    0 
pass:    0

visitの表示。ucts.size(): 81, visit: 1036
  13   12   12   12   12   12   12   12   12 
  12   11   12   12   13   12   12   12   12 
  12   12   13   15   15   17   14   12   12 
  13   12   16   25   22   22   15   12   13 
  12   13   18   21   21   18   16   12   13 
  12   12   16   21   19 ####   16   13   13 
  13   12   13   16   15   15   16   13   12 
  11   11   12   12   12   14   13   12   11 
  14   10   12   12   14   14   13   12   13 
pass:   14

"policys勝率*1000 policys.size():", 81
   0    0    0    0    0    0    0    0    0 
   0    0    0    0    0    0    0    0    0 
   0    0   17   30   18   10    1    0    0 
   0    0   31  461   23   28    7    0    0 
   0    0   17   25   40    3    0    0    0 
   0    0   10   30    3 ####    1    0    0 
   0    0    1    6    0    0    3    0    0 
   0    0    0    0    0    0    0    0    0 
   0    0    0    0    0    0    0    0    0 
"pass:", 0
"values:", [0.5375456213951111,0.0005137093248777092,0.4619407057762146]

勝率*1000 の表示。ucts.size(): 81, visit: 1275
 329  253  242  248  267  251  257  244  259 
 261  222  230  261  285  247  257  242  223 
 261  250  321  399  420  442  349  244  285 
 271  261  408  647  579  571  432  252  299 
 256  301  483  554  531  493  404  242  327 
 263  264  421  533  533 ####  405  318  364 
 267  250  324  387  401  430  389  276  250 
 185  194  235  240  280  382  316  227  224 
 337  158  230  263  321  320  294  257  286 
pass:  328

uct値*100 を表示 ucts.size(): 81, visit: 1275
 127  126  125  125  127  126  126  125  127 
 127  127  127  127  126  125  126  125  127 
 127  126  126  126  126  126  126  125  126 
 124  127  125  127  126  127  125  126  127 
 126  127  127  126  127  126  127  125  127 
 127  127  126  127  127 ####  127  126  125 
 124  126  126  127  126  127  125  125  126 
 127  124  124  125  125  125  126  127  127 
 125  124  127  127  126  126  127  126  126 
pass: 127
ans: 2 [4, 4], uct: 1.278, visit: 36, winrate:0.647715

6 6 2
moveCnt: 1, teban: 2
    A B C D E F G H J
 1  ┌ ┬ ┬ ┬ ┬ ┬ ┬ ┬ ┐
 2  ├ + + + + + + + ┤
 3  ├ + + + + + + + ┤
 4  ├ + + + + + + + ┤
 5  ├ + + + + + + + ┤
 6  ├ + + + + ● + + ┤
 7  ├ + + + + + + + ┤
 8  ├ + + + + + + + ┤
 9  └ ┴ ┴ ┴ ┴ ┴ ┴ ┴ ┘

recv data: genmove w
send data: =D4

--------------------
rootPtr: 0x7fbe88194510

合法手の表示。teban: 1
   0    0    0    0    0    0    0    0    0 
   0    0    0    0    0    0    0    0    0 
   0    0    0    0    0    0    0    0    0 
   0    0    0    1    0    0    0    0    0 
   0    0    0    0    0    0    0    0    0 
   0    0    0    0    0    1    0    0    0 
   0    0    0    0    0    0    0    0    0 
   0    0    0    0    0    0    0    0    0 
   0    0    0    0    0    0    0    0    0 
pass:    0

visitの表示。ucts.size(): 80, visit: 3269
  23   24   24   26   24   24   23   23   23 
  24   24   30   34   34   31   23   20   22 
  25   32   39  167  174   72   28   20   22 
  28   37  175 @@@@  258   94   32   21   23 
  28   38  180  287   64   44   28   21   22 
  25   28   67   82   46 ####   23   20   23 
  22   24   31   31   30   25   19   19   21 
  20   19   20   20   19   20   19   19   22 
  24   20   21   21   22   22   21   20   23 
pass:   25

"policys勝率*1000 policys.size():", 80
   0    0    0    0    0    0    0    0    0 
   0    0    0    1    0    0    0    0    0 
   0    0   39   10   10   39    2    0    0 
   0    0    9 @@@@  412   93    6    0    0 
   0    0    9  417    6    0    0    0    0 
   0    0   36  102    0 ####    0    0    0 
   0    0    2    4    0    0    0    0    0 
   0    0    0    0    0    0    0    0    0 
   0    0    0    0    0    0    0    0    0 
"pass:", 0
"values:", [0.5818185210227966,0.0005968675832264125,0.4175845682621002]

勝率*1000 の表示。ucts.size(): 80, visit: 3283
 189  211  208  244  212  203  179  189  181 
 214  208  296  341  341  313  185  127  185 
 226  326  389  725  733  565  271  128  168 
 269  374  732 @@@@  787  624  323  141  196 
 267  391  738  799  533  435  273  158  178 
 223  274  549  592  449 ####  183  125  186 
 175  211  314  324  300  218  112   98  150 
 121   96  134  117  112  133   97   93  163 
 207  129  149  145  174  173  158  136  196 
pass:  223

uct値*100 を表示 ucts.size(): 80, visit: 3283
 102  103  102  103  103  102  101  102  102 
 103  102  103  103  103  103  102  102  102 
 103  103  103  103  103  103  103  102  102 
 102  103  103 @@@@  103  103  103  101  103 
 102  103  103  103  103  103  103  103  103 
 102  103  103  103  103 ####  102  102  102 
 103  103  102  103  103  102  103  102  102 
 102  101  103  101  103  103  102  101  102 
 102  102  102  102  103  103  103  103  103 
pass: 102
ans: 1 [5, 4], uct: 1.03743, visit: 287, winrate:0.799898

4 4 1
moveCnt: 2, teban: 1
    A B C D E F G H J
 1  ┌ ┬ ┬ ┬ ┬ ┬ ┬ ┬ ┐
 2  ├ + + + + + + + ┤
 3  ├ + + + + + + + ┤
 4  ├ + + ○ + + + + ┤
 5  ├ + + + + + + + ┤
 6  ├ + + + + ● + + ┤
 7  ├ + + + + + + + ┤
 8  ├ + + + + + + + ┤
 9  └ ┴ ┴ ┴ ┴ ┴ ┴ ┴ ┘

recv data: play B G4
send data: =

--------------------
rootPtr: 0x7fbe85ae9e90

合法手の表示。teban: 2
   0    0    0    0    0    0    0    0    0 
   0    0    0    0    0    0    0    0    0 
   0    0    0    0    0    0    0    0    0 
   0    0    0    1    0    0    1    0    0 
   0    0    0    0    0    0    0    0    0 
   0    0    0    0    0    1    0    0    0 
   0    0    0    0    0    0    0    0    0 
   0    0    0    0    0    0    0    0    0 
   0    0    0    0    0    0    0    0    0 
pass:    0

visitの表示。ucts.size(): 79, visit: 178
   3    3    3    3    3    3    3    3    3 
   3    3    3    3    3    3    3    3    3 
   3    3    3    3    3    3    3    3    3 
   3    3    3 @@@@    3    3 ####    4    3 
   3    3    4    3    3    4    3    4    3 
   3    3    4    5    4 ####    4    4    3 
   3    3    4    5    4    3    3    3    3 
   3    3    4    3    3    3    4    4    3 
   3    3    3    3    4    3    4    3    3 
pass:    3

"policys勝率*1000 policys.size():", 79
   0    0    0    0    0    0    0    0    0 
   0    0    0    0    0    0    0    0    0 
   0    0    0    0    1   15    0    0    0 
   0    0    0 @@@@    0    0 ####    0    0 
   0    0    0    0    0    0    0    0    0 
   0    0  298  731   11 ####    0    0    0 
   0    0   11  304    2    2    1    0    0 
   0    0    0    0    0    0    0    0    0 
   0    0    0    0    0    0    0    0    0 
"pass:", 0
"values:", [0.2681725323200226,0.0007106289849616587,0.731116771697998]

勝率*1000 の表示。ucts.size(): 79, visit: 250
 154  258  270  237  262  268  217  235  246 
 278  223  244  278  278  284  275  242  241 
 281  273  299  253  367  413  266  259  178 
 283  278  227 @@@@  357  433 ####  564  206 
 257  343  480  386  259  478  347  511  166 
 318  368  606  808  545 ####  529  420  216 
 280  241  601  700  593  382  433  247  246 
 287  270  483  430  436  360  476  375  252 
 170  163  270  301  440  338  414  270  171 
pass:  215

uct値*100 を表示 ucts.size(): 79, visit: 250
 207  192  193  189  192  192  187  189  190 
 193  188  190  193  194  194  193  190  190 
 194  193  196  191  202  207  192  192  209 
 194  193  188 @@@@  201  209 ####  205  186 
 191  200  196  204  192  196  200  199  208 
 198  203  209  206  203 ####  201  190  187 
 194  190  208  205  207  204  209  190  190 
 194  193  196  209  209  202  196  203  191 
 208  208  193  196  192  199  207  193  208 
pass: 187
ans: 2 [6, 4], uct: 2.06443, visit: 7, winrate:0.808421

4 7 2
moveCnt: 3, teban: 2
    A B C D E F G H J
 1  ┌ ┬ ┬ ┬ ┬ ┬ ┬ ┬ ┐
 2  ├ + + + + + + + ┤
 3  ├ + + + + + + + ┤
 4  ├ + + ○ + + ● + ┤
 5  ├ + + + + + + + ┤
 6  ├ + + + + ● + + ┤
 7  ├ + + + + + + + ┤
 8  ├ + + + + + + + ┤
 9  └ ┴ ┴ ┴ ┴ ┴ ┴ ┴ ┘

recv data: genmove w
send data: =D6

--------------------
rootPtr: 0x7fbe8a502cb0

合法手の表示。teban: 1
   0    0    0    0    0    0    0    0    0 
   0    0    0    0    0    0    0    0    0 
   0    0    0    0    0    0    0    0    0 
   0    0    0    1    0    0    1    0    0 
   0    0    0    0    0    0    0    0    0 
   0    0    0    1    0    1    0    0    0 
   0    0    0    0    0    0    0    0    0 
   0    0    0    0    0    0    0    0    0 
   0    0    0    0    0    0    0    0    0 
pass:    0

visitの表示。ucts.size(): 78, visit: 874
  11   12   12   12   11   12   11   11   11 
  12   12   13   12   12   12   11   11   11 
  12   14   14   16   13   14   11   11   11 
  12   13   13 @@@@   14   12 ####   11   11 
  12   15   19   14   13   12   11   11   11 
  12   14   13 @@@@   12 ####   11   10   11 
  12   13   13   19   13   12   11   10   11 
  11   11   13   12   13   12   11   11   12 
  12   12   11   12   12   12   12   12   12 
pass:   12

"policys勝率*1000 policys.size():", 78
   0    0    0    0    0    0    0    0    0 
   0    0    0    6    0    0    0    0    0 
   0    0   92  149   20   16    0    0    0 
   0    3    6 @@@@    0    0 ####    0    0 
   0   57  121    0    0    0    0    0    0 
   0    2    0 @@@@    0 ####    0    0    0 
   0    0   17  119   16    2    0    0    0 
   0    0    0    0    1    1    0    0    0 
   0    0    0    0    0    0    0    0    0 
"pass:", 0
"values:", [0.8503982424736023,0.00017028192814905196,0.14943143725395203]

勝率*1000 の表示。ucts.size(): 78, visit: 1056
  90  137  124  117   97  109   87   89   93 
 119  137  144  137  127  125   76   41   74 
 116  199  241  276  170  192   79   75   69 
 140  163  169 @@@@  225  139 ####   48   82 
 134  230  450  270  218  131   90   63   66 
 118  179  203 @@@@  167 ####   88   37   85 
 105  182  180  367  189  137   73   43   75 
  87   94  146  118  179  114   96   61  100 
  97  105   89  113  125  124  121  105  129 
pass:  130

uct値*100 を表示 ucts.size(): 78, visit: 1169
 110  107  109  109  107  107  109  109  109 
 109  108  108  107  109  106  107  108  107 
 108  109  108  109  109  110  108  107  107 
 107  109  109 @@@@  108  107 ####  109  108 
 106  109  109  109  109  110  109  106  106 
 108  108  109 @@@@  109 ####  109  107  109 
 108  109  109  109  107  107  107  108  108 
 109  109  108  108  108  108  110  106  107 
 109  107  109  108  109  109  108  107  109 
pass: 109
ans: 1 [5, 3], uct: 1.09439, visit: 36, winrate:0.467937

6 4 1
moveCnt: 4, teban: 1
    A B C D E F G H J
 1  ┌ ┬ ┬ ┬ ┬ ┬ ┬ ┬ ┐
 2  ├ + + + + + + + ┤
 3  ├ + + + + + + + ┤
 4  ├ + + ○ + + ● + ┤
 5  ├ + + + + + + + ┤
 6  ├ + + ○ + ● + + ┤
 7  ├ + + + + + + + ┤
 8  ├ + + + + + + + ┤
 9  └ ┴ ┴ ┴ ┴ ┴ ┴ ┴ ┘

recv data: play B C3
send data: =

--------------------
rootPtr: 0x7fbe832232c0

合法手の表示。teban: 2
   0    0    0    0    0    0    0    0    0 
   0    0    0    0    0    0    0    0    0 
   0    0    1    0    0    0    0    0    0 
   0    0    0    1    0    0    1    0    0 
   0    0    0    0    0    0    0    0    0 
   0    0    0    1    0    1    0    0    0 
   0    0    0    0    0    0    0    0    0 
   0    0    0    0    0    0    0    0    0 
   0    0    0    0    0    0    0    0    0 
pass:    0

visitの表示。ucts.size(): 77, visit: 247
   4    4    4    4    4    4    4    4    4 
   4    3    4    4    4    4    4    4    4 
   4    4 ####    6    3    4    5    4    4 
   4    4    5 @@@@    4    5 ####    5    4 
   4    4    4    4    4    5    5    5    4 
   4    5    4 @@@@    4 ####    5    5    4 
   4    4    4    4    5    4    4    4    4 
   4    4    4    4    5    5    5    5    4 
   4    4    4    4    4    4    4    4    4 
pass:    4

"policys勝率*1000 policys.size():", 77
   0    0    0    0    0    0    0    0    0 
   0    0    0    0    0    0    0    0    0 
   0    0 ####  843    0    0    0    0    0 
   0    0   27 @@@@    0    1 ####    0    0 
   0    0    0    0    0    0    0    0    0 
   0    0    0 @@@@    0 ####    0    0    0 
   0    0    0    0    0    2    0    0    0 
   0    0    0    0    0    0    0    0    0 
   0    0    0    0    0    0    0    0    0 
"pass:", 0
"values:", [0.15642152726650238,0.0005421133828349411,0.8430362939834595]

勝率*1000 の表示。ucts.size(): 77, visit: 629
 526  469  504  524  499  514  515  533  503 
 523  454  544  626  591  554  558  530  478 
 506  550 ####  844  548  729  764  609  545 
 586  687  703 @@@@  536  722 ####  689  543 
 623  675  654  492  469  733  767  677  601 
 601  679  665 @@@@  652 ####  740  664  551 
 532  570  670  630  674  771  737  615  593 
 433  442  547  682  757  704  714  608  578 
 509  483  553  602  648  651  645  611  526 
pass:  586

uct値*100 を表示 ucts.size(): 77, visit: 629
 179  182  177  179  176  178  178  180  177 
 179  181  181  182  178  182  175  180  174 
 177  181 ####  180  181  181  180  180  181 
 178  182  178 @@@@  180  180 ####  177  181 
 182  181  178  176  182  181  180  181  179 
 179  181  180 @@@@  178 ####  182  179  182 
 180  176  180  182  180  180  181  181  179 
 179  179  181  181  179  178  179  180  177 
 177  175  182  179  178  178  178  180  179 
pass: 178
ans: 2 [3, 4], uct: 1.80354, visit: 14, winrate:0.844063

3 3 2
moveCnt: 5, teban: 2
    A B C D E F G H J
 1  ┌ ┬ ┬ ┬ ┬ ┬ ┬ ┬ ┐
 2  ├ + + + + + + + ┤
 3  ├ + ● + + + + + ┤
 4  ├ + + ○ + + ● + ┤
 5  ├ + + + + + + + ┤
 6  ├ + + ○ + ● + + ┤
 7  ├ + + + + + + + ┤
 8  ├ + + + + + + + ┤
 9  └ ┴ ┴ ┴ ┴ ┴ ┴ ┴ ┘

recv data: genmove w
send data: =G5

--------------------
rootPtr: 0x7fbe8149c560

合法手の表示。teban: 1
   0    0    0    0    0    0    0    0    0 
   0    0    0    0    0    0    0    0    0 
   0    0    1    0    0    0    0    0    0 
   0    0    0    1    0    0    1    0    0 
   0    0    0    0    0    0    1    0    0 
   0    0    0    1    0    1    0    0    0 
   0    0    0    0    0    0    0    0    0 
   0    0    0    0    0    0    0    0    0 
   0    0    0    0    0    0    0    0    0 
pass:    0

visitの表示。ucts.size(): 76, visit: 2982
  28   28   31   28   28   29   29   31   29 
  29   30   31   32   37   34   35   28   31 
  32   31 ####   99   50   68   39   32   29 
  33   40   47 @@@@   91  106 ####   34   30 
  33   66  107   48   44  157 @@@@   45   29 
  32   38   42 @@@@   48 ####   71   32   29 
  28   34   36   66   49   39   35   30   28 
  28   28   30   35   43   37   31   28   29 
  29   30   28   30   30   32   27   30   29 
pass:   28

"policys勝率*1000 policys.size():", 76
   0    0    0    0    0    0    0    0    0 
   0    0    0    0    0    0    0    0    0 
   0    0 ####    0    0    0    0    0    0 
   0    0    0 @@@@    0    0 ####    0    0 
   0    0    0    0    0  473 @@@@    0    0 
   0    0    0 @@@@    0 ####    1    0    0 
   0    0    0    0    0    0    0    0    0 
   0    0    0    0    0    0    0    0    0 
   0    0    0    0    0    0    0    0    0 
"pass:", 0
"values:", [0.5258857011795044,0.0006051119999028742,0.47350916266441345]

勝率*1000 の表示。ucts.size(): 76, visit: 3182
  95   95  127  104  108  117  122  140  112 
 117  124  137  162  191  168  173  102  127 
 145  141 ####  480  295  370  213  156  109 
 165  226  280 @@@@  446  473 ####  159  117 
 160  368  484  290  267  532 @@@@  263  119 
 162  210  257 @@@@  274 ####  380  146  117 
 102  171  188  385  293  209  170  123   97 
 102   89  121  196  253  196  147   98  115 
 114  120   93  127  144  150   92  122  115 
pass:  109

uct値*100 を表示 ucts.size(): 76, visit: 3182
  84   84   83   83   84   83   84   83   84 
  83   84   84   84   84   84   84   84   83 
  84   84 ####   84   84   84   84   84   84 
  84   84   84 @@@@   84   84 ####   83   83 
  83   84   84   84   84   84 @@@@   84   84 
  84   84   84 @@@@   84 ####   84   84   83 
  84   84   84   84   84   84   83   84   84 
  83   84   84   84   84   83   84   84   83 
  84   84   83   84   84   83   83   84   84 
pass: 84
ans: 1 [5, 6], uct: 0.847141, visit: 163, winrate:0.532561

5 7 1
moveCnt: 6, teban: 1
    A B C D E F G H J
 1  ┌ ┬ ┬ ┬ ┬ ┬ ┬ ┬ ┐
 2  ├ + + + + + + + ┤
 3  ├ + ● + + + + + ┤
 4  ├ + + ○ + + ● + ┤
 5  ├ + + + + + ○ + ┤
 6  ├ + + ○ + ● + + ┤
 7  ├ + + + + + + + ┤
 8  ├ + + + + + + + ┤
 9  └ ┴ ┴ ┴ ┴ ┴ ┴ ┴ ┘

recv data: play B PASS
send data: =

--------------------
rootPtr: 0x7fbe8bc66e40

合法手の表示。teban: 2
   0    0    0    0    0    0    0    0    0 
   0    0    0    0    0    0    0    0    0 
   0    0    1    0    0    0    0    0    0 
   0    0    0    1    0    0    1    0    0 
   0    0    0    0    0    0    1    0    0 
   0    0    0    1    0    1    0    0    0 
   0    0    0    0    0    0    0    0    0 
   0    0    0    0    0    0    0    0    0 
   0    0    0    0    0    0    0    0    0 
pass:    0

visitの表示。ucts.size(): 76, visit: 319
   5    5    5    5    5    5    5    5    5 
   5    5    5    5    6    5    5    5    5 
   5    5 ####    6    6    5    5    5    5 
   5    6    6 @@@@    5    6 ####    5    5 
   5    6    6    5    5    7 @@@@    5    5 
   5    6    6 @@@@    5 ####    5    5    5 
   5    5    6    6    6    5    5    5    5 
   5    5    5    5    6    5    5    5    5 
   5    5    5    5    5    5    5    5    5 
pass:    3

"policys勝率*1000 policys.size():", 76
   0    0    0    0    0    0    0    0    0 
   0    0    0    0    0    0    0    0    0 
   0    0 ####    2    0    0    0    0    0 
   0    0    3 @@@@    0    0 ####    0    0 
   0    0    0    0    0  937 @@@@    0    0 
   0    0    0 @@@@    0 ####    2    0    0 
   0    0    0    0    0    0    0    0    0 
   0    0    0    0    0    0    0    0    0 
   0    0    0    0    0    0    0    0    0 
"pass:", 0
"values:", [0.062329016625881195,0.000540587876457721,0.9371303915977478]

勝率*1000 の表示。ucts.size(): 76, visit: 475
 745  752  757  769  757  756  745  753  735 
 760  750  745  741  775  805  752  737  747 
 754  762 ####  825  824  746  753  758  735 
 764  802  828 @@@@  781  823 ####  774  765 
 782  827  827  782  757  957 @@@@  723  730 
 778  825  824 @@@@  808 ####  781  739  730 
 777  810  820  821  822  772  754  740  675 
 743  726  793  816  815  764  797  660  713 
 727  752  764  762  809  805  771  714  742 
pass:    0

uct値*100 を表示 ucts.size(): 76, visit: 475
 207  207  208  209  208  208  207  208  206 
 208  207  207  206  210  204  207  206  207 
 208  208 ####  206  206  207  208  208  206 
 209  204  207 @@@@  210  206 ####  210  209 
 210  206  206  210  208  206 @@@@  205  205 
 210  206  206 @@@@  204 ####  210  206  205 
 210  205  206  206  206  209  208  206  210 
 207  205  203  205  205  209  203  209  204 
 205  207  209  208  205  204  209  204  206 
pass: 202
ans: 2 [5, 6], uct: 2.06729, visit: 10, winrate:0.957034

0 0 2
moveCnt: 7, teban: 2
    A B C D E F G H J
 1  ┌ ┬ ┬ ┬ ┬ ┬ ┬ ┬ ┐
 2  ├ + + + + + + + ┤
 3  ├ + ● + + + + + ┤
 4  ├ + + ○ + + ● + ┤
 5  ├ + + + + + ○ + ┤
 6  ├ + + ○ + ● + + ┤
 7  ├ + + + + + + + ┤
 8  ├ + + + + + + + ┤
 9  └ ┴ ┴ ┴ ┴ ┴ ┴ ┴ ┘

recv data: genmove w
send data: =F5
recv data: quit
terminate called after throwing an instance of 'std::system_error'
  what():  Invalid argument
