🐾train_main
    EPOCHS: 15
    kifu_dir: None
    size: 9
    use_gpu: False
    rl: False
    window_size: 300000
    network_name: DualNet
🐾train_on_cpu 2024-09-16 12:22:35.042982
Training data set : ['data/sl_data_0.npz']
Testing data set  : []
[20240916_122235] monitoring
cpu: 12.7% [16.7, 0.0, 0.0, 0.0, 0.0, 0.0, 0.0, 0.0, 0.0, 0.0, 54.5, 40.0] 🔥
mem: 66.6% 🔥🔥
🐾epoch: 0
🐾バッチ: 0
[Parameter containing:
tensor([[[[-0.0758,  0.0461, -0.0562],
          [ 0.0487,  0.0182, -0.1079],
          [ 0.0503, -0.0781,  0.1009]],

         [[-0.0355, -0.0310,  0.0301],
          [-0.0958, -0.1153, -0.1310],
          [ 0.0427, -0.1308, -0.0653]],

         [[-0.0500,  0.0353, -0.0506],
          [ 0.1311, -0.1011,  0.0781],
          [ 0.0563,  0.0789, -0.0911]],

         [[-0.1176,  0.0869,  0.0787],
          [ 0.1208,  0.0482,  0.0174],
          [ 0.0860,  0.0337, -0.0292]],

         [[ 0.0967,  0.0254,  0.1081],
          [ 0.0422,  0.0131, -0.0031],
          [ 0.1139, -0.0518,  0.0841]],

         [[-0.1305, -0.0098,  0.0624],
          [-0.0470, -0.0781,  0.0338],
          [-0.0483,  0.1035,  0.0112]]],


        [[[ 0.0114, -0.1267,  0.0036],
          [-0.0078,  0.0522, -0.1213],
          [-0.0988, -0.0973,  0.0481]],

         [[ 0.0832,  0.1322,  0.1087],
          [ 0.1109, -0.0870,  0.0772],
          [ 0.0874, -0.1066,  0.0403]],

         [[ 0.0252,  0.0500,  0.1181],
          [-0.0083,  0.0293, -0.1022],
          [-0.1330,  0.0986,  0.0646]],

         [[-0.0999,  0.1001, -0.0384],
          [-0.0992,  0.1060,  0.0135],
          [-0.0590,  0.0112, -0.1049]],

         [[-0.0898, -0.1178, -0.0897],
          [-0.0442, -0.0088,  0.0255],
          [-0.0656,  0.1168,  0.1048]],

         [[ 0.1199,  0.0974,  0.1121],
          [ 0.1349,  0.0084, -0.0478],
          [-0.0931,  0.0616,  0.1128]]],


        [[[-0.0293,  0.0428, -0.1254],
          [-0.1122, -0.1333, -0.0499],
          [ 0.0583,  0.0231,  0.0372]],

         [[-0.1281, -0.1055, -0.0570],
          [-0.0581, -0.0111, -0.1102],
          [ 0.0320,  0.0718,  0.1178]],

         [[-0.0497,  0.1003, -0.0469],
          [-0.0340,  0.1258,  0.0549],
          [-0.0304, -0.0037, -0.1334]],

         [[ 0.0566, -0.0560, -0.0709],
          [-0.0823,  0.0411,  0.0071],
          [-0.0875,  0.1154, -0.0377]],

         [[ 0.0858, -0.0056,  0.0477],
          [-0.0074, -0.0283,  0.0196],
          [-0.0556, -0.0876, -0.0335]],

         [[-0.0039,  0.0293,  0.0966],
          [-0.0069,  0.0020, -0.0009],
          [-0.1269, -0.1088, -0.0532]]],


        ...,


        [[[ 0.1331, -0.0578, -0.0838],
          [-0.1122, -0.1243, -0.0901],
          [-0.1351, -0.0335,  0.0943]],

         [[-0.1007,  0.0646,  0.0224],
          [-0.0924, -0.0265, -0.0877],
          [ 0.0534, -0.0646,  0.0525]],

         [[-0.1254, -0.0923, -0.0286],
          [ 0.1087, -0.0603,  0.0891],
          [ 0.0489,  0.0747, -0.1344]],

         [[-0.0316, -0.0995,  0.0289],
          [-0.0510,  0.0653, -0.0247],
          [ 0.0787, -0.0825,  0.0224]],

         [[-0.1033,  0.1100,  0.0139],
          [-0.0491, -0.0352, -0.0927],
          [ 0.1181,  0.1023, -0.0384]],

         [[ 0.0459,  0.0529, -0.0145],
          [ 0.0103,  0.0363, -0.1140],
          [ 0.0246,  0.0988, -0.0087]]],


        [[[ 0.0105,  0.0454,  0.0698],
          [ 0.0984,  0.0731, -0.0906],
          [ 0.1045, -0.0253, -0.0943]],

         [[ 0.0673,  0.0830, -0.0894],
          [-0.1349,  0.0573,  0.0273],
          [ 0.0218,  0.0680,  0.1063]],

         [[-0.0446,  0.0724,  0.0254],
          [-0.1220, -0.0947, -0.0011],
          [ 0.0070, -0.0508,  0.0750]],

         [[ 0.0950, -0.1132, -0.0610],
          [-0.0950, -0.0206,  0.0159],
          [ 0.0096, -0.0767, -0.1288]],

         [[-0.0514, -0.0748, -0.0916],
          [ 0.1339,  0.1037, -0.0837],
          [-0.0768,  0.0992,  0.1270]],

         [[ 0.0120, -0.1251, -0.0932],
          [ 0.1127, -0.1103,  0.0955],
          [-0.0841,  0.0330, -0.0909]]],


        [[[ 0.0087,  0.0613, -0.1215],
          [-0.0078, -0.0898,  0.0906],
          [-0.0450, -0.1349, -0.1298]],

         [[-0.1330,  0.1251, -0.0136],
          [-0.1105,  0.1011, -0.0765],
          [-0.1101, -0.0777, -0.1323]],

         [[ 0.0703, -0.0432,  0.0822],
          [-0.0359, -0.0171, -0.0649],
          [-0.1305, -0.0120, -0.0112]],

         [[ 0.1259, -0.0647,  0.0830],
          [-0.1309,  0.1074,  0.1152],
          [ 0.1166, -0.0088,  0.0498]],

         [[-0.0747,  0.0588, -0.0634],
          [ 0.0903, -0.0716, -0.0204],
          [-0.1146,  0.0938,  0.0448]],

         [[ 0.1142, -0.1212,  0.0635],
          [ 0.0625, -0.0511, -0.0294],
          [-0.0319, -0.0643,  0.0700]]]], requires_grad=True), Parameter containing:
tensor([0.9998, 0.9999, 0.9999, 1.0001, 1.0003, 0.9998, 1.0001, 1.0003, 0.9997,
        1.0002, 1.0000, 0.9999, 1.0001, 1.0002, 1.0001, 1.0001, 1.0003, 1.0001,
        1.0000, 1.0000, 1.0001, 1.0000, 0.9999, 1.0000, 1.0000, 0.9998, 0.9999,
        1.0002, 0.9999, 0.9999, 1.0000, 1.0002, 1.0000, 0.9999, 0.9999, 1.0000,
        0.9999, 0.9998, 0.9998, 1.0000, 1.0000, 1.0000, 0.9999, 1.0000, 1.0001,
        1.0002, 1.0001, 0.9999, 1.0001, 1.0004, 1.0002, 1.0001, 0.9997, 0.9999,
        0.9999, 0.9999, 1.0001, 1.0001, 1.0001, 0.9999, 0.9999, 1.0000, 1.0000,
        1.0000], requires_grad=True), Parameter containing:
tensor([-2.0701e-04,  6.9850e-05,  1.5362e-06,  7.5761e-05,  8.3096e-05,
        -3.3174e-05,  1.3010e-04,  1.7358e-04, -2.9866e-04,  7.6628e-05,
         3.7996e-05, -4.9397e-05,  1.5638e-04,  8.9456e-05, -5.4828e-05,
         7.5233e-05,  2.5500e-04,  1.1604e-04, -2.2598e-05, -3.2579e-05,
         6.2686e-05, -1.1943e-04, -8.5399e-05, -1.9018e-04, -6.2167e-05,
        -8.8359e-05,  7.9403e-05,  2.2894e-04, -1.6279e-06,  8.6764e-06,
        -8.6960e-05, -1.0274e-05, -7.8549e-06,  2.3545e-05, -4.1865e-05,
        -8.2213e-05, -1.6963e-05, -1.0714e-04, -1.3337e-04, -1.9481e-04,
         9.6473e-05,  6.2600e-05, -7.1741e-05, -6.2495e-05,  8.7309e-05,
         8.1823e-05, -7.4424e-05, -2.6967e-05,  2.4514e-06,  1.7927e-04,
         2.3854e-04, -7.3703e-05, -5.0514e-05,  1.5115e-05, -3.5902e-05,
        -1.3205e-04,  2.0921e-05,  6.8373e-05,  2.3684e-04, -1.1293e-04,
         6.0760e-06,  2.2766e-04, -9.9866e-05, -1.1259e-04],
       requires_grad=True), Parameter containing:
tensor([[[[ 2.4794e-02, -6.6366e-03, -1.4769e-02],
          [ 4.9930e-03,  1.3638e-02,  1.6640e-02],
          [-3.6381e-02, -3.9313e-02,  2.7634e-02]],

         [[ 1.7269e-02,  6.9254e-03,  3.8656e-03],
          [ 3.5144e-02,  3.1746e-02,  4.8748e-03],
          [ 2.6503e-02,  3.1443e-02, -3.3902e-02]],

         [[-3.6039e-02,  5.3634e-05,  3.5864e-02],
          [-3.1286e-02,  1.1890e-02, -1.5010e-02],
          [ 1.8932e-03, -2.7274e-02,  2.9254e-02]],

         ...,

         [[ 8.3657e-04, -2.4753e-02, -3.8182e-02],
          [ 2.6864e-03,  1.1895e-02, -1.1167e-02],
          [ 3.6935e-02, -1.4557e-02, -3.8059e-02]],

         [[ 2.0457e-02,  3.9369e-02, -9.0541e-03],
          [ 2.8263e-02, -9.1462e-03, -5.0529e-03],
          [ 9.9502e-03, -1.3186e-02,  2.9271e-02]],

         [[-2.4529e-02, -1.5375e-02, -3.5777e-02],
          [ 1.5711e-02,  3.1353e-02,  1.5955e-02],
          [-1.3301e-02,  3.8610e-02,  2.2044e-02]]],


        [[[-1.8244e-02,  3.2759e-02,  3.2172e-02],
          [-2.3939e-02, -2.5385e-02, -2.7884e-02],
          [-1.5475e-02,  4.6278e-03,  5.9919e-05]],

         [[-3.3405e-02,  3.6499e-02, -3.3827e-02],
          [ 8.5327e-04,  3.0205e-02,  1.0244e-02],
          [ 3.4995e-02,  1.5411e-02, -2.9356e-02]],

         [[ 3.0647e-02, -3.1020e-02,  2.7508e-02],
          [ 1.5957e-02,  3.8818e-02,  1.3566e-02],
          [-1.7941e-02,  1.0121e-02,  1.3491e-02]],

         ...,

         [[-3.4984e-03,  2.7968e-03,  1.1828e-02],
          [-1.8820e-02, -1.3052e-04,  4.0402e-02],
          [ 1.8122e-02, -6.5276e-03,  2.6764e-02]],

         [[ 3.0320e-02,  4.0716e-02,  1.4653e-03],
          [-1.6331e-02, -1.6689e-02, -2.3217e-02],
          [-8.3291e-03,  3.1193e-02, -2.1222e-03]],

         [[ 4.3674e-03,  2.7502e-03, -2.7438e-02],
          [-8.5639e-03,  2.4796e-02, -6.4023e-03],
          [-2.6065e-02, -3.9963e-02,  1.6385e-02]]],


        [[[ 4.0556e-02, -1.9264e-02,  3.7842e-02],
          [ 2.5063e-02,  1.0679e-02, -2.0754e-02],
          [ 1.4974e-03, -4.4811e-03,  2.0502e-02]],

         [[-2.5840e-02,  2.7027e-02, -3.6579e-02],
          [-7.9865e-04,  3.3896e-03, -2.8444e-02],
          [ 1.8253e-02, -2.7980e-02,  3.5447e-02]],

         [[ 7.6541e-03,  1.1858e-03, -3.8956e-02],
          [-3.6603e-02, -3.0164e-02, -5.9652e-03],
          [ 1.4819e-03,  2.4561e-02,  4.0722e-02]],

         ...,

         [[ 2.9524e-02, -3.1165e-02, -1.6206e-02],
          [ 6.6742e-03, -2.6707e-02,  7.5490e-03],
          [-1.3443e-02,  3.6968e-02, -2.4595e-02]],

         [[-1.9551e-02,  2.8953e-02,  8.2761e-04],
          [ 6.0237e-03, -1.8076e-02, -3.8165e-02],
          [-8.2176e-03, -2.2552e-02,  2.1793e-02]],

         [[-2.3938e-02, -3.7976e-03,  1.7953e-02],
          [-1.1942e-02,  1.3552e-02,  2.5359e-02],
          [ 4.0823e-02, -1.5794e-02, -1.9262e-02]]],


        ...,


        [[[ 2.7882e-02,  2.6182e-02,  3.1512e-02],
          [ 2.3931e-02,  3.5134e-02,  1.9435e-02],
          [ 8.0870e-03,  1.8565e-02,  1.0280e-02]],

         [[ 8.7235e-04, -4.0384e-02,  3.0168e-02],
          [-2.5119e-03, -6.4721e-03,  2.4375e-02],
          [ 3.2262e-02,  1.3317e-02, -4.0744e-02]],

         [[ 9.3390e-03,  6.9546e-03,  2.9384e-02],
          [ 2.9367e-02,  1.0205e-02,  3.8734e-02],
          [-2.7042e-02, -3.2183e-02,  2.6861e-02]],

         ...,

         [[-3.1598e-03, -1.8102e-02, -8.5940e-03],
          [ 3.6848e-02,  1.6221e-02,  3.6877e-02],
          [ 2.4452e-02,  1.7409e-02,  1.2635e-02]],

         [[-3.2377e-02, -4.5468e-03, -3.3283e-02],
          [-8.4204e-03, -1.4891e-02, -4.1311e-03],
          [ 3.4279e-03, -2.5783e-02, -2.3780e-02]],

         [[-1.1047e-02, -2.7574e-02,  4.1701e-02],
          [ 2.8989e-02,  4.0308e-02, -1.2896e-02],
          [ 1.4762e-02,  5.7431e-03,  1.1645e-02]]],


        [[[ 3.8010e-02,  1.8612e-02,  3.2169e-02],
          [ 3.5924e-02,  4.0787e-02, -3.9142e-02],
          [-1.6459e-02, -2.2953e-02,  4.7600e-03]],

         [[-2.9448e-02,  1.9667e-02,  4.6497e-03],
          [ 3.2683e-02,  3.7338e-02, -3.1750e-02],
          [-5.3403e-04, -3.6224e-02,  3.2872e-02]],

         [[ 3.1240e-02,  3.8096e-02,  2.9075e-02],
          [ 1.0924e-02, -3.9019e-02,  2.2062e-02],
          [ 1.7991e-02,  3.2737e-02, -1.3562e-02]],

         ...,

         [[ 1.1887e-02, -4.0940e-03,  8.7831e-03],
          [-3.9717e-02,  6.5296e-03, -3.7834e-02],
          [-3.5570e-02, -3.6524e-02, -1.5339e-02]],

         [[-3.0009e-02,  2.2594e-02,  1.8401e-03],
          [-2.4667e-02, -3.6355e-03, -9.3834e-04],
          [ 2.6172e-02,  1.3299e-02, -2.0789e-02]],

         [[ 2.2811e-02,  3.7442e-02,  1.8165e-02],
          [ 3.5366e-02, -2.8358e-02, -3.1914e-02],
          [-2.0156e-02, -1.2239e-02,  3.2416e-02]]],


        [[[ 3.2245e-03,  3.1558e-02, -3.4216e-03],
          [-1.8632e-02, -3.1983e-02, -2.7834e-02],
          [-3.3340e-02, -1.5434e-03, -2.7258e-02]],

         [[ 6.7094e-03,  2.0937e-02, -3.6150e-02],
          [-4.1469e-02,  7.4561e-03, -1.1135e-02],
          [-7.7048e-03,  7.3323e-03,  3.8934e-02]],

         [[-3.7928e-03, -3.7371e-03,  9.9532e-03],
          [-1.8387e-02, -3.3350e-02, -6.8334e-03],
          [ 2.9368e-02, -2.1809e-02, -1.7731e-02]],

         ...,

         [[-4.8351e-04,  3.1580e-02, -5.4077e-03],
          [-2.5523e-02,  3.3026e-02, -3.6198e-02],
          [ 3.7003e-02,  2.0521e-02, -3.3578e-02]],

         [[ 6.0241e-03, -2.9098e-02, -4.6448e-03],
          [ 1.0234e-02, -3.2356e-02,  1.0492e-02],
          [-4.3870e-04,  1.9871e-02,  3.7399e-02]],

         [[-3.0585e-02, -3.3415e-03, -4.1014e-02],
          [ 1.4550e-02,  8.7018e-03,  2.8560e-02],
          [ 3.7028e-02, -5.9044e-03,  6.5670e-03]]]], requires_grad=True), Parameter containing:
tensor([[[[ 0.0307, -0.0213, -0.0228],
          [ 0.0354, -0.0355,  0.0246],
          [-0.0263,  0.0106,  0.0043]],

         [[-0.0045,  0.0412,  0.0190],
          [-0.0251, -0.0045,  0.0040],
          [ 0.0322, -0.0189,  0.0252]],

         [[-0.0074, -0.0412, -0.0124],
          [ 0.0092, -0.0373, -0.0047],
          [ 0.0154,  0.0178, -0.0298]],

         ...,

         [[-0.0073, -0.0378,  0.0330],
          [ 0.0080, -0.0301,  0.0403],
          [-0.0104,  0.0168,  0.0366]],

         [[-0.0135, -0.0062, -0.0027],
          [ 0.0153, -0.0023, -0.0006],
          [-0.0060, -0.0180,  0.0180]],

         [[ 0.0181,  0.0340,  0.0342],
          [ 0.0360,  0.0112, -0.0287],
          [ 0.0045,  0.0215,  0.0026]]],


        [[[ 0.0158, -0.0333,  0.0059],
          [ 0.0212,  0.0383, -0.0013],
          [-0.0360, -0.0128, -0.0096]],

         [[-0.0366, -0.0404,  0.0271],
          [-0.0051,  0.0071, -0.0115],
          [ 0.0254,  0.0116,  0.0321]],

         [[ 0.0250,  0.0215, -0.0206],
          [ 0.0250,  0.0019, -0.0374],
          [-0.0281, -0.0074, -0.0172]],

         ...,

         [[ 0.0188, -0.0384,  0.0409],
          [ 0.0053, -0.0016,  0.0129],
          [ 0.0248,  0.0155,  0.0196]],

         [[-0.0305,  0.0337, -0.0187],
          [-0.0054, -0.0256,  0.0357],
          [-0.0272,  0.0061, -0.0374]],

         [[ 0.0132,  0.0416,  0.0248],
          [ 0.0226, -0.0088, -0.0144],
          [-0.0264,  0.0135,  0.0279]]],


        [[[ 0.0196, -0.0005,  0.0006],
          [-0.0358,  0.0239,  0.0396],
          [-0.0074,  0.0369,  0.0195]],

         [[-0.0027,  0.0411, -0.0189],
          [-0.0115, -0.0114,  0.0040],
          [-0.0305,  0.0258, -0.0199]],

         [[ 0.0142, -0.0250, -0.0245],
          [-0.0305,  0.0118,  0.0225],
          [ 0.0145, -0.0234,  0.0367]],

         ...,

         [[-0.0119, -0.0294,  0.0268],
          [-0.0019,  0.0106,  0.0113],
          [-0.0209, -0.0213, -0.0381]],

         [[-0.0375,  0.0206, -0.0317],
          [-0.0105,  0.0277,  0.0222],
          [-0.0026, -0.0016,  0.0008]],

         [[ 0.0206,  0.0380,  0.0404],
          [-0.0334,  0.0241,  0.0019],
          [-0.0118, -0.0115,  0.0147]]],


        ...,


        [[[-0.0223, -0.0273,  0.0362],
          [ 0.0329, -0.0354, -0.0177],
          [-0.0366,  0.0107,  0.0117]],

         [[ 0.0340,  0.0145, -0.0321],
          [ 0.0398,  0.0357, -0.0236],
          [-0.0080, -0.0339, -0.0179]],

         [[-0.0355, -0.0411,  0.0114],
          [-0.0293, -0.0328,  0.0259],
          [-0.0385, -0.0331, -0.0151]],

         ...,

         [[ 0.0040,  0.0074, -0.0248],
          [ 0.0353,  0.0295, -0.0226],
          [ 0.0361,  0.0377, -0.0116]],

         [[-0.0084, -0.0130,  0.0131],
          [-0.0259, -0.0021, -0.0172],
          [ 0.0074, -0.0155, -0.0283]],

         [[-0.0063, -0.0117,  0.0369],
          [ 0.0367,  0.0246, -0.0066],
          [-0.0110,  0.0349, -0.0258]]],


        [[[-0.0204,  0.0106, -0.0245],
          [ 0.0165, -0.0296, -0.0229],
          [ 0.0360, -0.0265, -0.0221]],

         [[ 0.0313,  0.0376,  0.0049],
          [ 0.0067, -0.0045, -0.0307],
          [-0.0288,  0.0211,  0.0024]],

         [[-0.0233,  0.0157, -0.0173],
          [ 0.0271, -0.0039, -0.0398],
          [ 0.0209, -0.0330, -0.0119]],

         ...,

         [[ 0.0148, -0.0154,  0.0188],
          [ 0.0075, -0.0177, -0.0082],
          [-0.0262,  0.0372, -0.0381]],

         [[-0.0332, -0.0216,  0.0110],
          [-0.0367,  0.0407,  0.0238],
          [-0.0359, -0.0209,  0.0126]],

         [[ 0.0338,  0.0343, -0.0359],
          [ 0.0205, -0.0316, -0.0331],
          [ 0.0024,  0.0071, -0.0133]]],


        [[[-0.0313, -0.0087,  0.0161],
          [-0.0178, -0.0306, -0.0409],
          [ 0.0239, -0.0009, -0.0048]],

         [[-0.0051,  0.0287, -0.0112],
          [-0.0406, -0.0075,  0.0193],
          [-0.0205,  0.0119,  0.0324]],

         [[ 0.0075, -0.0040,  0.0003],
          [-0.0155,  0.0412, -0.0408],
          [ 0.0213, -0.0124, -0.0400]],

         ...,

         [[-0.0274,  0.0243, -0.0379],
          [ 0.0040,  0.0134,  0.0146],
          [-0.0029,  0.0332,  0.0050]],

         [[ 0.0240,  0.0083,  0.0105],
          [-0.0307, -0.0346,  0.0213],
          [ 0.0363,  0.0313, -0.0002]],

         [[-0.0201,  0.0335, -0.0233],
          [ 0.0072, -0.0399, -0.0048],
          [ 0.0050, -0.0093, -0.0164]]]], requires_grad=True), Parameter containing:
tensor([1.0000, 0.9999, 1.0000, 1.0001, 1.0000, 1.0002, 0.9999, 1.0001, 1.0001,
        1.0000, 0.9999, 1.0002, 0.9998, 1.0000, 1.0001, 0.9999, 0.9999, 0.9999,
        1.0002, 1.0001, 1.0001, 0.9999, 0.9999, 1.0000, 0.9997, 0.9999, 1.0000,
        0.9999, 1.0001, 1.0000, 0.9998, 1.0001, 1.0000, 0.9999, 1.0000, 1.0001,
        1.0000, 1.0000, 0.9999, 1.0000, 1.0000, 1.0000, 1.0000, 1.0001, 1.0000,
        1.0000, 1.0000, 1.0001, 1.0001, 0.9999, 1.0000, 1.0000, 1.0002, 1.0000,
        1.0000, 0.9998, 1.0001, 0.9999, 1.0000, 1.0000, 0.9999, 1.0001, 0.9999,
        1.0001], requires_grad=True), Parameter containing:
tensor([-1.5959e-05, -1.5831e-04,  7.2850e-05,  1.3527e-04,  1.1951e-04,
         1.6007e-04, -1.3736e-04,  5.4144e-05,  1.0082e-04, -5.9451e-05,
        -4.6962e-05,  1.6522e-04, -2.1875e-05, -5.7503e-05, -4.3244e-05,
         2.9687e-05, -6.8234e-05,  6.6140e-05,  1.1366e-04,  7.7596e-05,
         8.5593e-05, -4.5142e-05, -2.7115e-05,  6.1181e-06, -1.0691e-04,
        -4.7858e-05,  1.0479e-04,  5.2608e-05,  1.0316e-04, -6.7166e-05,
        -3.8671e-05,  9.1982e-05,  8.4545e-05, -6.7566e-05,  1.3980e-05,
         4.4674e-05, -2.2862e-05,  6.1794e-05, -2.6386e-05, -1.3610e-04,
         3.0122e-05, -1.7120e-05,  1.1816e-06, -6.4789e-05,  8.7924e-05,
         4.9152e-05,  3.2798e-05,  1.6249e-05,  4.2859e-05, -7.5240e-05,
         8.6788e-05, -8.4787e-05,  1.3229e-04,  1.5135e-04, -1.0350e-05,
        -1.9949e-04,  5.5203e-05, -9.8487e-05, -1.0928e-04, -2.3714e-05,
         8.0183e-05,  1.9466e-05, -9.0796e-05, -2.8702e-05],
       requires_grad=True), Parameter containing:
tensor([0.9999, 1.0000, 1.0000, 1.0000, 1.0000, 0.9998, 1.0000, 1.0001, 1.0000,
        0.9999, 0.9999, 1.0000, 1.0001, 0.9999, 1.0000, 1.0000, 1.0000, 1.0000,
        1.0000, 1.0000, 1.0000, 1.0000, 1.0000, 1.0000, 1.0000, 0.9999, 1.0000,
        1.0000, 1.0000, 1.0001, 1.0001, 0.9999, 0.9999, 1.0000, 1.0000, 1.0000,
        1.0000, 0.9998, 0.9999, 0.9999, 0.9999, 1.0001, 1.0001, 0.9997, 1.0001,
        1.0000, 1.0000, 1.0001, 0.9999, 0.9998, 1.0000, 0.9999, 1.0000, 1.0001,
        1.0000, 1.0000, 1.0002, 1.0000, 1.0000, 1.0001, 1.0001, 1.0000, 1.0000,
        0.9998], requires_grad=True), Parameter containing:
tensor([-2.7670e-05, -8.6432e-05,  2.1046e-05,  1.3181e-05,  1.7852e-04,
        -7.6719e-05, -1.5451e-06,  1.3243e-04, -1.0396e-04, -4.0519e-05,
         6.9889e-05, -7.8202e-05,  3.5829e-05, -4.3079e-05, -2.0906e-05,
        -2.6027e-05, -3.4201e-07,  2.9649e-05, -9.7330e-05, -9.4959e-05,
         6.2582e-06,  2.9439e-05, -1.2116e-05, -4.5991e-06,  1.6803e-05,
        -5.1428e-05, -5.2990e-05,  8.3951e-05, -2.4166e-05, -3.8181e-06,
         4.7656e-05, -6.8517e-05,  1.4612e-05, -2.2311e-05, -9.8119e-05,
         3.0535e-05,  5.1093e-05, -1.6157e-05, -8.9683e-05,  6.9682e-05,
         2.7139e-05,  4.5362e-05, -4.2088e-05, -3.9850e-05,  9.2270e-05,
         5.4185e-05,  2.9161e-05, -2.7986e-05, -5.4514e-05,  3.6440e-05,
         3.8178e-05,  3.3485e-05,  7.9629e-06,  4.1898e-05,  5.2102e-05,
        -4.8162e-05,  1.5301e-04,  6.2647e-05,  5.0198e-05,  3.1552e-05,
        -3.2648e-05, -1.9256e-05, -1.4300e-05, -1.5840e-06],
       requires_grad=True), Parameter containing:
tensor([[[[ 2.7846e-02, -3.8457e-02, -3.6171e-02],
          [-1.9536e-02, -3.7123e-02, -2.0611e-02],
          [-1.5922e-02,  3.6444e-02, -3.5652e-02]],

         [[-1.2804e-02, -1.5237e-02,  3.4735e-02],
          [ 2.4675e-02, -3.1472e-02, -3.9218e-03],
          [ 1.9264e-02, -2.2305e-02, -9.9962e-03]],

         [[ 3.0448e-02,  2.9592e-02, -1.4297e-02],
          [ 3.7234e-02, -4.0563e-02,  6.9087e-03],
          [ 2.8678e-02, -3.2234e-02, -3.6244e-02]],

         ...,

         [[-1.4864e-02, -3.4784e-02, -3.6866e-02],
          [-1.3099e-02,  2.7203e-02, -3.7026e-02],
          [ 2.2957e-03,  3.8768e-02, -3.6492e-02]],

         [[ 1.0882e-02, -5.1483e-03, -5.3480e-03],
          [ 8.2361e-03, -2.1936e-02,  3.9727e-02],
          [ 4.7581e-03, -2.1774e-02, -1.4039e-02]],

         [[-3.6094e-02, -3.9322e-03,  1.3979e-02],
          [ 3.6825e-02, -4.1436e-02,  1.6235e-03],
          [ 2.9882e-03,  1.8284e-02, -1.4193e-02]]],


        [[[ 1.5931e-02, -1.2203e-02, -5.4819e-03],
          [-1.2774e-02,  2.1888e-02,  2.5611e-03],
          [-4.4401e-03,  5.9574e-03, -4.3539e-03]],

         [[ 3.9113e-03, -7.7019e-03, -3.4276e-02],
          [ 5.1875e-03, -2.8182e-02,  1.7696e-02],
          [-4.0224e-02, -2.0850e-02,  3.2344e-02]],

         [[-2.5977e-02, -2.9114e-02,  3.1073e-02],
          [ 2.1942e-02,  3.5225e-02, -3.6028e-02],
          [ 1.0662e-02, -1.6974e-03, -3.2931e-02]],

         ...,

         [[ 3.3195e-02, -3.7079e-02,  2.5901e-02],
          [-3.8966e-02, -1.6039e-02,  4.0879e-02],
          [ 2.4457e-02, -3.8760e-03, -4.9972e-04]],

         [[ 4.1176e-02, -7.2810e-03,  3.3063e-02],
          [ 3.6172e-02, -1.2681e-02,  2.7869e-02],
          [-2.1470e-02, -3.6526e-02,  3.5143e-02]],

         [[-1.9780e-03,  3.4359e-03, -9.9441e-03],
          [ 3.8807e-02,  4.1304e-02, -3.6046e-02],
          [ 3.8420e-02,  2.2453e-02, -2.7023e-02]]],


        [[[ 3.0364e-02,  8.1896e-03,  3.8642e-03],
          [-3.1387e-02, -1.2821e-02, -9.2559e-03],
          [ 1.8136e-02, -2.4502e-02, -3.2427e-02]],

         [[ 2.5250e-02,  1.5022e-02,  3.2459e-03],
          [-2.1732e-02,  4.5803e-03, -3.5815e-02],
          [ 2.9022e-02, -8.0669e-03, -2.4150e-02]],

         [[-3.8267e-03, -4.1145e-02,  1.5658e-02],
          [-9.0719e-03, -2.0878e-03, -3.9614e-02],
          [-2.8276e-02,  2.1352e-02,  2.9297e-02]],

         ...,

         [[-1.7159e-02, -9.4123e-03,  3.1963e-03],
          [-2.5011e-02,  8.3937e-03,  3.2591e-02],
          [ 2.9985e-02,  1.4789e-02,  9.1866e-03]],

         [[ 3.0937e-02,  2.0744e-02, -9.0329e-03],
          [ 8.0054e-03,  2.6688e-02,  3.9083e-02],
          [-1.8063e-02,  4.1886e-02,  3.3891e-02]],

         [[ 1.1880e-02,  2.5132e-02, -3.4681e-02],
          [ 4.0020e-02, -4.8702e-03, -4.0815e-02],
          [ 2.6601e-02, -1.2204e-02, -4.1199e-02]]],


        ...,


        [[[-3.0390e-02,  2.9101e-02,  1.1250e-02],
          [-3.6471e-02,  1.1806e-02,  8.3590e-03],
          [ 1.2068e-02, -4.5641e-03, -3.1012e-02]],

         [[ 9.1340e-03, -3.8535e-03,  2.9443e-02],
          [ 6.2782e-03,  9.8796e-03,  3.9341e-02],
          [ 4.6166e-03,  1.2681e-02, -3.4299e-03]],

         [[ 1.1199e-02,  3.6214e-02, -1.9815e-02],
          [ 1.8863e-02,  2.0310e-02,  3.7234e-02],
          [-2.0802e-02, -2.9465e-02,  9.5004e-03]],

         ...,

         [[ 2.2677e-02, -1.8727e-02,  2.4701e-02],
          [-7.4547e-03, -8.5125e-03,  2.4252e-02],
          [-3.7987e-03, -3.4614e-03, -4.4597e-03]],

         [[-9.1565e-03,  1.6472e-02, -1.8279e-02],
          [-4.0085e-03,  3.2654e-02, -2.8152e-02],
          [ 6.2588e-03,  2.9295e-02, -3.9134e-02]],

         [[-3.4319e-02, -3.9946e-02,  6.6588e-03],
          [ 4.3222e-03,  2.3439e-02, -1.8599e-02],
          [-1.6175e-02,  5.5821e-03,  1.3912e-02]]],


        [[[-1.2243e-02,  1.6055e-02,  1.6174e-02],
          [ 2.3168e-03,  3.5037e-03, -1.9030e-03],
          [ 3.7495e-02,  3.3336e-02,  7.9849e-03]],

         [[ 2.4594e-02,  2.4949e-03,  2.3672e-02],
          [ 2.0218e-02,  1.2284e-02,  1.4609e-03],
          [ 2.0024e-02, -3.8085e-07, -9.0034e-03]],

         [[-2.5807e-02, -3.1053e-03, -2.9127e-02],
          [-2.7598e-02,  6.3000e-03,  2.2949e-02],
          [ 1.6726e-02, -3.3022e-02, -1.2398e-02]],

         ...,

         [[-2.1089e-02,  3.7875e-02, -1.5519e-02],
          [-3.1224e-02, -3.1089e-02,  2.2412e-02],
          [ 3.2268e-02, -1.8531e-02,  1.3710e-02]],

         [[ 1.9621e-02, -4.1228e-02,  3.7443e-02],
          [-2.5464e-02,  1.0313e-02,  3.0583e-02],
          [-2.2459e-02, -4.0099e-02,  2.2382e-02]],

         [[ 2.5987e-02,  7.6619e-03,  2.4539e-02],
          [-1.0157e-02,  2.8675e-02,  3.1712e-02],
          [-1.1331e-03, -9.9633e-03, -2.9067e-02]]],


        [[[ 2.0915e-03,  1.8201e-02,  1.7981e-02],
          [ 3.8508e-02, -1.6236e-02, -4.8341e-03],
          [ 2.2704e-02, -3.7260e-02, -4.1136e-02]],

         [[ 2.4095e-02, -3.9499e-02, -3.4550e-03],
          [ 2.5491e-02,  1.1149e-02, -1.6901e-02],
          [ 2.3793e-02, -3.4854e-02,  3.3245e-02]],

         [[-2.6273e-02,  5.7212e-03,  1.4408e-02],
          [ 3.7312e-02,  2.3679e-02, -1.1094e-02],
          [-2.2489e-02, -1.3004e-03, -1.2681e-02]],

         ...,

         [[ 1.9074e-02,  1.7281e-02, -3.5916e-02],
          [-4.1698e-03,  6.9817e-03, -9.9760e-03],
          [ 3.3845e-02,  2.8348e-02,  2.6690e-02]],

         [[-3.8041e-02,  9.7173e-03, -3.4572e-02],
          [ 3.0551e-02, -3.8595e-02,  4.0869e-02],
          [-1.0928e-02, -2.7506e-02, -1.2627e-02]],

         [[-7.0313e-03, -4.0589e-02,  2.3712e-02],
          [ 1.0320e-03, -7.0407e-03,  3.4059e-02],
          [-3.0549e-02,  1.1705e-02,  3.5077e-02]]]], requires_grad=True), Parameter containing:
tensor([[[[-3.5715e-02, -2.8685e-02, -2.6982e-02],
          [ 5.3343e-03, -2.7544e-02,  8.8623e-03],
          [-1.3409e-02,  1.2057e-02, -3.8213e-02]],

         [[ 2.6542e-02,  2.3862e-02, -7.0723e-04],
          [ 1.4676e-02,  1.8575e-02,  3.2188e-02],
          [ 2.3866e-02,  3.4906e-02,  2.0392e-02]],

         [[ 4.0294e-02,  2.1624e-02, -8.1129e-03],
          [-2.0558e-02, -6.0447e-04,  1.6530e-02],
          [-3.4816e-02,  3.1607e-02, -1.8511e-02]],

         ...,

         [[-2.1277e-03, -1.4208e-02,  1.8996e-02],
          [ 1.5705e-02, -7.1374e-05, -3.9734e-02],
          [-1.4057e-02, -2.2732e-02,  2.9296e-02]],

         [[ 1.3808e-02,  3.5184e-02, -3.4934e-02],
          [-3.0587e-02, -1.5580e-03, -1.1248e-02],
          [-4.2481e-03,  9.8441e-03, -3.2359e-02]],

         [[-1.0711e-02, -6.3764e-03,  2.4307e-03],
          [-1.9852e-02, -5.9088e-04,  8.5431e-04],
          [ 2.4774e-02, -1.8202e-02,  8.5807e-03]]],


        [[[-3.9183e-02, -1.2418e-02, -3.0921e-02],
          [-4.0197e-03,  2.6739e-02, -8.8933e-03],
          [ 3.4660e-02,  9.7933e-03,  3.9742e-02]],

         [[-1.4221e-02,  3.9464e-02,  8.5136e-03],
          [ 3.0718e-02,  3.2147e-03, -1.0820e-02],
          [ 3.0734e-02,  5.7041e-03, -3.4231e-02]],

         [[ 1.0537e-02, -1.1568e-02, -4.1661e-04],
          [-8.9847e-03, -2.4879e-02, -4.0231e-02],
          [ 2.4838e-02,  3.5260e-02, -3.3227e-02]],

         ...,

         [[-3.2282e-02, -9.7207e-03, -2.9752e-02],
          [ 1.6379e-02, -1.0350e-02,  8.3969e-03],
          [ 1.3268e-03, -2.9550e-02,  1.7459e-02]],

         [[-2.0582e-02,  1.2491e-02,  1.8121e-02],
          [ 3.3643e-02, -3.0967e-02,  3.6172e-02],
          [ 2.6835e-03, -1.5139e-03,  3.7778e-03]],

         [[-2.1021e-02,  9.0322e-03,  7.0841e-04],
          [-4.1586e-02, -1.8236e-02,  3.9283e-02],
          [-4.0635e-02, -3.7272e-02,  3.3285e-02]]],


        [[[ 3.4796e-02,  2.8344e-02, -1.6983e-03],
          [ 3.1878e-02,  3.8884e-02, -4.5697e-03],
          [ 1.1236e-02,  6.9662e-03, -6.1980e-03]],

         [[ 1.1869e-02, -5.4907e-03, -1.6537e-02],
          [-2.2780e-02, -2.9363e-03, -3.5372e-02],
          [ 2.4102e-02, -2.1754e-02,  1.1887e-03]],

         [[-3.2173e-03, -3.3346e-02,  9.1661e-03],
          [ 2.6460e-02,  2.3346e-02,  2.5787e-02],
          [ 2.9544e-02,  3.0449e-02,  2.5657e-02]],

         ...,

         [[-3.5298e-02, -1.0425e-03,  3.4672e-02],
          [ 2.0109e-02,  3.6713e-02,  1.5739e-02],
          [ 3.1660e-02,  2.9205e-02,  3.4221e-02]],

         [[-2.7814e-02,  1.3518e-02, -6.3440e-03],
          [-1.9503e-02,  2.7395e-02, -2.2414e-02],
          [-1.1401e-02, -2.0342e-02, -2.3738e-02]],

         [[-4.0446e-02, -4.0750e-02,  8.0651e-03],
          [-3.2422e-02,  8.4876e-03,  3.9745e-02],
          [ 1.2777e-04,  1.0175e-02, -2.4096e-02]]],


        ...,


        [[[-3.1009e-02, -2.1740e-03,  2.4451e-02],
          [ 3.0574e-02,  2.8732e-02,  6.0167e-03],
          [-2.1543e-02, -2.6954e-02,  3.2240e-02]],

         [[-3.3995e-02, -1.2333e-02,  3.7053e-04],
          [ 2.9071e-02,  1.1810e-02,  1.1842e-03],
          [ 8.0717e-03, -6.3422e-03,  3.4724e-02]],

         [[ 2.4044e-02, -3.7793e-02,  6.0000e-03],
          [-1.7121e-02,  5.1475e-03, -5.7846e-04],
          [-2.9246e-02, -2.1454e-02, -2.2261e-02]],

         ...,

         [[ 9.7803e-04,  3.8713e-02, -1.9425e-02],
          [-2.2996e-02, -1.6832e-02, -5.1688e-03],
          [-9.6182e-03,  4.7979e-04,  1.9368e-02]],

         [[ 3.9782e-02,  2.4827e-02,  2.9963e-02],
          [-3.5285e-02,  3.2601e-02,  2.7040e-02],
          [ 3.0884e-02,  2.0017e-02,  3.0966e-02]],

         [[-1.2356e-03,  1.3173e-02,  4.0072e-02],
          [ 1.9027e-02,  1.0911e-02,  2.9666e-02],
          [-1.4312e-02,  4.1645e-02, -1.2550e-02]]],


        [[[ 1.7247e-02, -3.6207e-02, -1.4360e-02],
          [ 3.6195e-02, -1.5421e-02,  6.2949e-04],
          [-3.6054e-02,  1.1788e-02, -3.9875e-02]],

         [[ 7.6232e-03,  2.5089e-02, -3.9038e-02],
          [-3.9819e-02, -4.1455e-02,  7.4303e-03],
          [-3.3978e-04, -2.0352e-02, -2.1821e-02]],

         [[-1.9107e-02,  3.1425e-02,  1.1907e-02],
          [-3.2010e-03,  9.4631e-03,  2.4690e-02],
          [ 2.0803e-02,  2.1459e-02,  3.1510e-02]],

         ...,

         [[-3.0109e-02, -1.4344e-02,  1.8624e-02],
          [-1.4852e-02, -2.3980e-03,  9.7543e-03],
          [-2.5285e-02,  2.9081e-02, -2.0698e-02]],

         [[-2.7977e-02,  2.5239e-02, -1.4718e-02],
          [-1.4595e-02, -8.2758e-03,  3.8681e-02],
          [ 3.6767e-02, -2.9672e-02, -3.7731e-04]],

         [[ 3.7874e-02,  9.5220e-03, -2.8529e-02],
          [ 1.9993e-02,  1.1063e-02, -4.1696e-02],
          [-1.4478e-02, -3.8326e-02,  1.1451e-02]]],


        [[[-1.9941e-02,  3.1326e-02,  5.6748e-03],
          [-1.7846e-02, -4.0071e-02, -3.7391e-02],
          [ 9.8970e-03, -1.1680e-02,  6.8851e-03]],

         [[-2.1290e-02,  3.0030e-02, -1.3588e-02],
          [ 2.8152e-02, -2.2050e-02, -3.0645e-02],
          [ 9.2675e-03, -1.0037e-02, -2.2474e-02]],

         [[-3.6283e-02, -1.3511e-02,  3.7500e-02],
          [-7.3557e-03, -3.0755e-04, -3.2983e-02],
          [-1.8316e-03, -8.8252e-03, -7.2846e-03]],

         ...,

         [[-7.2588e-03,  3.2390e-03,  3.0919e-02],
          [-2.5954e-02,  1.2633e-02,  3.7997e-02],
          [ 5.2151e-04,  2.7859e-02,  2.5456e-02]],

         [[-1.7599e-02, -2.4013e-02, -3.7990e-02],
          [ 8.1721e-04, -7.2311e-03, -3.4351e-02],
          [ 2.2047e-02, -3.4512e-02, -2.0941e-02]],

         [[-4.2896e-04,  1.8012e-02,  9.2723e-03],
          [ 3.4247e-02, -3.2275e-02,  3.6762e-02],
          [ 2.6075e-02,  3.8177e-02, -1.8260e-02]]]], requires_grad=True), Parameter containing:
tensor([1.0001, 1.0001, 0.9999, 1.0000, 1.0000, 1.0000, 0.9999, 0.9999, 1.0000,
        1.0001, 1.0000, 1.0000, 1.0000, 1.0001, 1.0000, 0.9999, 0.9998, 1.0000,
        1.0001, 0.9999, 0.9999, 1.0000, 1.0000, 1.0000, 0.9999, 1.0000, 1.0001,
        0.9999, 1.0001, 1.0001, 1.0000, 0.9999, 1.0000, 0.9999, 1.0000, 1.0000,
        1.0000, 1.0000, 0.9999, 1.0000, 1.0001, 0.9999, 1.0000, 1.0001, 1.0000,
        1.0000, 0.9999, 1.0000, 0.9999, 1.0000, 1.0000, 1.0000, 1.0002, 1.0000,
        0.9999, 1.0001, 1.0000, 1.0001, 1.0000, 1.0000, 1.0001, 1.0001, 1.0001,
        0.9999], requires_grad=True), Parameter containing:
tensor([ 7.0737e-05,  1.0280e-04,  1.4596e-05, -8.4935e-05,  3.1654e-05,
        -5.0385e-05,  1.5243e-05, -5.1148e-05, -5.1752e-05,  4.1462e-05,
         3.5782e-05,  3.5728e-05, -4.8777e-05,  7.4576e-05,  1.3401e-05,
        -5.7329e-05, -1.7303e-04,  1.2487e-06,  4.3464e-05,  3.4290e-06,
         2.5966e-06, -1.0881e-04, -6.4712e-06, -9.0086e-05,  2.4702e-05,
         3.6746e-05,  1.6258e-05, -9.6413e-05,  7.1404e-05,  7.7310e-05,
         1.6820e-05, -6.2920e-05,  8.7198e-05, -1.0126e-04,  2.0560e-07,
         5.0348e-05,  2.9117e-05,  2.8842e-05, -2.5756e-05, -1.4840e-05,
         1.3010e-04, -6.9301e-05, -6.3287e-05,  5.7642e-05, -2.0428e-05,
         1.9108e-05, -3.2148e-05,  5.1361e-05, -6.2479e-05,  3.7739e-05,
        -5.5004e-05, -1.7962e-06,  1.8781e-05,  6.0904e-06, -6.9846e-05,
         6.1599e-05, -4.2334e-05,  1.1388e-05, -8.4124e-06, -4.3919e-05,
         3.6349e-05, -2.5936e-05,  4.3962e-05, -5.2167e-05],
       requires_grad=True), Parameter containing:
tensor([1.0000, 1.0000, 1.0000, 1.0001, 1.0000, 1.0001, 1.0000, 1.0000, 1.0000,
        1.0000, 1.0001, 1.0000, 1.0000, 1.0000, 1.0000, 0.9999, 0.9999, 0.9999,
        1.0001, 1.0000, 0.9999, 1.0000, 0.9999, 1.0000, 0.9999, 1.0001, 0.9999,
        1.0000, 1.0001, 0.9999, 1.0000, 0.9999, 1.0000, 1.0000, 0.9999, 1.0001,
        1.0001, 1.0000, 0.9999, 1.0001, 1.0000, 1.0001, 0.9999, 1.0000, 1.0001,
        1.0001, 1.0000, 0.9999, 1.0001, 1.0000, 1.0000, 1.0000, 1.0000, 1.0000,
        1.0000, 1.0001, 0.9999, 1.0000, 1.0000, 1.0001, 1.0000, 1.0000, 1.0000,
        0.9998], requires_grad=True), Parameter containing:
tensor([ 2.4430e-05, -1.5103e-05,  7.1506e-05,  1.8969e-05,  4.2965e-05,
         5.4245e-05, -4.2343e-05,  9.3434e-05, -1.0535e-04, -3.7158e-05,
         9.6037e-05, -5.2572e-05,  6.2460e-05,  6.1536e-05,  3.2636e-05,
        -3.2862e-05, -8.0211e-05, -1.7689e-05, -1.5714e-05, -3.2521e-05,
         8.3343e-06, -2.1866e-05,  5.8057e-05, -4.5874e-05, -1.9335e-05,
         4.5335e-05, -1.1948e-04, -1.3122e-05,  4.5698e-05, -8.5727e-05,
         2.8479e-05, -4.8665e-05,  1.5236e-05, -4.4621e-06, -1.3415e-04,
        -2.1570e-05,  2.9546e-05, -1.9277e-05, -1.7219e-05,  1.2905e-05,
         1.3203e-05,  9.1861e-06, -4.8790e-05, -2.8339e-05,  3.9400e-05,
         4.8646e-05,  6.9513e-07, -4.8046e-05,  7.8844e-05,  1.3849e-05,
        -5.0352e-06, -2.0790e-05, -1.2154e-05,  1.1493e-05,  4.6871e-05,
        -7.1889e-05,  8.0328e-05,  3.2271e-05,  4.1309e-05,  2.5561e-05,
        -3.9551e-05, -3.2516e-05,  2.4639e-05, -5.9458e-05],
       requires_grad=True), Parameter containing:
tensor([[[[-0.0068,  0.0327,  0.0049],
          [ 0.0110, -0.0313, -0.0333],
          [-0.0005,  0.0161, -0.0080]],

         [[-0.0121,  0.0177,  0.0113],
          [-0.0387, -0.0152,  0.0033],
          [-0.0111,  0.0260, -0.0362]],

         [[ 0.0350,  0.0200,  0.0384],
          [-0.0414, -0.0256, -0.0142],
          [-0.0185, -0.0153,  0.0349]],

         ...,

         [[-0.0210, -0.0012, -0.0111],
          [-0.0225,  0.0185,  0.0408],
          [ 0.0238,  0.0077, -0.0377]],

         [[-0.0279,  0.0249, -0.0047],
          [-0.0282, -0.0374, -0.0339],
          [-0.0409, -0.0327,  0.0039]],

         [[-0.0133, -0.0146,  0.0342],
          [-0.0336, -0.0280, -0.0322],
          [-0.0309,  0.0014,  0.0382]]],


        [[[ 0.0015, -0.0147,  0.0030],
          [ 0.0081, -0.0228, -0.0337],
          [ 0.0299, -0.0207, -0.0337]],

         [[-0.0051,  0.0047,  0.0042],
          [ 0.0175, -0.0171,  0.0262],
          [-0.0175,  0.0003,  0.0228]],

         [[-0.0345,  0.0229,  0.0251],
          [-0.0135,  0.0142, -0.0251],
          [-0.0232, -0.0069,  0.0378]],

         ...,

         [[ 0.0104, -0.0253,  0.0131],
          [ 0.0113, -0.0231,  0.0317],
          [-0.0099,  0.0329, -0.0055]],

         [[ 0.0385, -0.0042, -0.0340],
          [-0.0181, -0.0234, -0.0346],
          [-0.0025,  0.0116,  0.0354]],

         [[ 0.0174, -0.0076,  0.0252],
          [ 0.0243, -0.0398, -0.0299],
          [-0.0010,  0.0354, -0.0343]]],


        [[[-0.0259, -0.0347, -0.0016],
          [ 0.0358, -0.0319, -0.0101],
          [-0.0140, -0.0305,  0.0273]],

         [[-0.0076,  0.0383, -0.0342],
          [-0.0267,  0.0355,  0.0159],
          [-0.0258, -0.0006, -0.0384]],

         [[-0.0391, -0.0400,  0.0394],
          [ 0.0032,  0.0391, -0.0386],
          [ 0.0190, -0.0321, -0.0020]],

         ...,

         [[-0.0173, -0.0201,  0.0044],
          [ 0.0092, -0.0217,  0.0097],
          [-0.0038, -0.0188,  0.0398]],

         [[-0.0025,  0.0343, -0.0241],
          [ 0.0041,  0.0301, -0.0407],
          [ 0.0162,  0.0214,  0.0133]],

         [[-0.0289, -0.0263,  0.0287],
          [ 0.0047,  0.0346,  0.0120],
          [ 0.0181, -0.0072,  0.0290]]],


        ...,


        [[[ 0.0256, -0.0120,  0.0143],
          [-0.0244,  0.0360,  0.0267],
          [-0.0221, -0.0167,  0.0379]],

         [[-0.0163, -0.0396,  0.0387],
          [-0.0312, -0.0313, -0.0062],
          [-0.0113, -0.0301,  0.0101]],

         [[-0.0254,  0.0150, -0.0397],
          [-0.0070,  0.0348, -0.0047],
          [ 0.0389, -0.0361,  0.0399]],

         ...,

         [[ 0.0263,  0.0357, -0.0018],
          [ 0.0387,  0.0007, -0.0167],
          [ 0.0332, -0.0395, -0.0365]],

         [[ 0.0110, -0.0136,  0.0019],
          [ 0.0382, -0.0315, -0.0366],
          [-0.0298,  0.0299, -0.0100]],

         [[-0.0203,  0.0113,  0.0008],
          [ 0.0054, -0.0080,  0.0085],
          [-0.0175, -0.0238,  0.0367]]],


        [[[-0.0318, -0.0101,  0.0134],
          [-0.0009, -0.0054, -0.0197],
          [-0.0202, -0.0415,  0.0210]],

         [[-0.0125, -0.0211,  0.0043],
          [-0.0217, -0.0250, -0.0398],
          [ 0.0329, -0.0118,  0.0376]],

         [[-0.0318,  0.0362, -0.0349],
          [-0.0391, -0.0114,  0.0132],
          [-0.0214, -0.0003,  0.0290]],

         ...,

         [[-0.0384,  0.0097,  0.0128],
          [ 0.0249,  0.0192,  0.0294],
          [ 0.0347, -0.0214,  0.0128]],

         [[-0.0403,  0.0357,  0.0346],
          [-0.0333,  0.0056,  0.0031],
          [ 0.0294,  0.0041, -0.0243]],

         [[-0.0281,  0.0179,  0.0416],
          [-0.0045, -0.0356, -0.0111],
          [ 0.0043, -0.0396, -0.0179]]],


        [[[-0.0186,  0.0312, -0.0369],
          [ 0.0265,  0.0154, -0.0119],
          [-0.0045, -0.0371,  0.0388]],

         [[ 0.0299,  0.0303, -0.0190],
          [ 0.0071, -0.0290, -0.0387],
          [ 0.0211,  0.0196,  0.0013]],

         [[-0.0153, -0.0355, -0.0147],
          [-0.0076,  0.0164, -0.0292],
          [-0.0074,  0.0025, -0.0194]],

         ...,

         [[ 0.0153, -0.0180, -0.0410],
          [-0.0113,  0.0361, -0.0235],
          [ 0.0416, -0.0358,  0.0142]],

         [[ 0.0197,  0.0376,  0.0008],
          [ 0.0253, -0.0219, -0.0073],
          [ 0.0212,  0.0183, -0.0315]],

         [[-0.0097,  0.0072,  0.0289],
          [ 0.0113, -0.0258,  0.0336],
          [-0.0260,  0.0160, -0.0068]]]], requires_grad=True), Parameter containing:
tensor([[[[-1.3855e-02,  3.4729e-02,  6.8194e-03],
          [ 1.0129e-02, -3.2851e-02, -1.8358e-02],
          [ 1.7207e-02, -1.1012e-02, -2.1070e-03]],

         [[-1.6322e-02,  1.3305e-02, -1.6242e-02],
          [-8.1719e-03,  2.2755e-02, -3.2327e-02],
          [-3.2869e-02, -4.7870e-03,  3.0446e-02]],

         [[ 1.2140e-02, -2.1338e-02, -5.3812e-03],
          [ 2.0893e-02,  1.5670e-02,  3.0261e-02],
          [-5.7357e-04, -2.3465e-03,  2.6187e-02]],

         ...,

         [[ 3.6929e-02,  2.6463e-04, -2.7703e-02],
          [ 1.8209e-02, -3.6424e-02,  2.4178e-02],
          [ 3.0603e-02, -2.5513e-02,  1.2043e-02]],

         [[ 2.8201e-02, -2.4974e-02, -1.9124e-02],
          [-4.0662e-02,  2.3136e-02, -1.2218e-02],
          [ 2.5835e-02,  2.8899e-02,  1.7612e-02]],

         [[-3.5286e-02, -3.3808e-02, -3.1947e-04],
          [-3.3427e-02, -9.1236e-03,  4.0755e-02],
          [-3.1498e-02, -2.4596e-02, -1.0853e-02]]],


        [[[-3.6051e-02,  2.4937e-02, -3.1248e-02],
          [ 2.2205e-02,  2.0635e-02,  1.2448e-02],
          [ 3.5603e-02,  2.6009e-03,  1.2028e-02]],

         [[ 2.9859e-02,  8.4053e-04, -3.5462e-02],
          [-3.1813e-02,  2.4483e-02,  2.3161e-02],
          [ 2.0109e-03,  4.5402e-03, -2.2852e-02]],

         [[ 2.3446e-03, -1.1389e-02, -3.6070e-03],
          [ 3.9398e-02,  8.2912e-03,  1.1577e-02],
          [-2.1092e-02, -1.2896e-02,  4.6143e-03]],

         ...,

         [[ 2.8068e-02,  3.7408e-02, -1.0972e-03],
          [-3.8968e-03, -7.4662e-03, -3.2136e-02],
          [-2.8814e-02, -2.0626e-02,  2.9801e-02]],

         [[-9.3865e-03,  3.3002e-02, -2.9830e-02],
          [ 2.8336e-02,  1.1866e-02,  2.6907e-02],
          [ 3.0115e-02,  1.7270e-02, -3.9373e-02]],

         [[ 1.7511e-02,  3.5538e-02,  1.1105e-02],
          [ 3.5219e-03,  1.8852e-02,  3.4349e-02],
          [-6.4260e-03,  4.0363e-02, -4.0027e-02]]],


        [[[-3.6329e-02, -1.9735e-02, -2.2656e-02],
          [-2.7943e-02, -3.8268e-02, -3.1581e-02],
          [-3.7424e-02, -4.0699e-02,  3.4446e-02]],

         [[-2.6025e-02,  3.1476e-02, -2.8600e-02],
          [-2.0970e-03,  3.8801e-02, -2.8963e-02],
          [-4.3832e-04, -1.6002e-02,  2.8422e-02]],

         [[-2.6951e-02, -9.1252e-03,  1.8392e-03],
          [-3.3063e-03, -1.3646e-02, -1.5394e-02],
          [-3.5267e-02, -2.6124e-03,  3.2471e-02]],

         ...,

         [[ 7.7613e-03, -3.5096e-02, -1.5494e-02],
          [-1.0412e-02, -3.0293e-02,  1.9312e-02],
          [ 9.7903e-03,  3.0929e-02, -2.4224e-02]],

         [[ 5.7283e-03, -2.5119e-02, -2.6260e-02],
          [ 5.4101e-03, -1.7453e-02, -2.2650e-02],
          [-2.0855e-03,  1.9605e-02, -4.0812e-02]],

         [[ 1.7646e-02, -2.8348e-02,  3.2374e-02],
          [-7.5768e-04,  6.1886e-03,  3.3528e-02],
          [-1.9187e-02,  2.9352e-02, -2.0408e-02]]],


        ...,


        [[[ 5.0827e-03,  2.5780e-02, -2.2270e-02],
          [-2.2727e-02, -3.3089e-02,  2.9849e-02],
          [-3.3477e-02,  5.0887e-03, -7.3012e-03]],

         [[-3.0423e-03, -2.0645e-02, -1.2559e-02],
          [-1.3070e-02,  1.3520e-02, -3.0969e-02],
          [-1.1869e-02,  2.8063e-02, -3.5139e-03]],

         [[-1.1894e-02,  2.4944e-02, -1.2659e-02],
          [ 4.2055e-03,  9.6834e-03, -5.3384e-03],
          [-1.7038e-02, -1.3803e-02,  5.3306e-03]],

         ...,

         [[-3.9394e-02, -1.4295e-02, -3.1235e-02],
          [-1.7821e-02,  3.1937e-02,  1.2812e-02],
          [ 3.7999e-02, -3.7628e-02,  3.9077e-02]],

         [[-9.7351e-03, -3.7682e-02, -2.7694e-02],
          [ 1.5308e-03, -3.1055e-02,  1.7937e-02],
          [-2.5983e-02,  6.8078e-03,  2.2752e-02]],

         [[ 2.5683e-02,  2.7667e-02,  1.5605e-02],
          [-3.8389e-02,  3.3303e-02,  2.0374e-03],
          [ 2.2275e-02, -8.5120e-03, -2.6134e-02]]],


        [[[ 2.9186e-02, -4.0895e-02, -3.1113e-02],
          [ 5.7579e-03,  1.5084e-02, -1.0349e-02],
          [ 2.6975e-02, -3.9674e-03,  5.0889e-03]],

         [[ 1.7879e-02,  2.5985e-02, -1.6923e-02],
          [-6.2977e-03, -3.9036e-02, -3.0496e-02],
          [-2.5810e-02, -3.3930e-04, -2.0610e-02]],

         [[-1.3434e-02, -2.8784e-02, -9.6294e-05],
          [-2.2502e-02,  1.4076e-02,  2.8460e-02],
          [ 3.4618e-02, -3.9552e-02,  2.0926e-02]],

         ...,

         [[-3.3594e-02,  1.5410e-02, -1.3735e-02],
          [-3.2411e-02,  7.4276e-03, -2.7393e-02],
          [ 2.8661e-03,  1.6355e-02,  2.5842e-02]],

         [[-3.5024e-02,  6.2645e-03, -2.6848e-03],
          [-3.7481e-02, -3.1675e-02,  2.2224e-02],
          [-3.2543e-02,  8.5056e-03, -8.9780e-03]],

         [[ 3.4885e-02,  3.9637e-02,  6.8244e-03],
          [-3.6432e-03, -2.8680e-02, -1.5234e-02],
          [ 3.7355e-02,  4.9765e-04,  2.7891e-02]]],


        [[[ 1.5519e-02,  7.5204e-03, -3.3565e-02],
          [-1.5494e-02, -3.2068e-02,  3.9398e-02],
          [ 3.0698e-02, -6.1558e-03, -3.2989e-02]],

         [[ 2.4501e-02,  3.8183e-02, -1.2812e-02],
          [ 1.7187e-02,  3.2828e-02, -2.2816e-02],
          [ 2.0654e-02,  5.2757e-03,  2.6623e-02]],

         [[-3.8326e-02, -1.0525e-02,  3.9514e-02],
          [-3.2840e-02, -3.1768e-02, -3.7063e-03],
          [ 8.3976e-03, -1.0012e-02,  1.4766e-02]],

         ...,

         [[ 1.4325e-02,  1.6742e-02,  3.9623e-02],
          [ 1.5437e-02,  3.7375e-02,  2.3251e-02],
          [ 3.4237e-02, -1.6230e-02,  4.0300e-02]],

         [[-2.3897e-02,  3.2894e-02,  3.4903e-03],
          [-2.5856e-02, -3.9909e-02, -9.4162e-03],
          [ 3.9438e-02, -3.0591e-02,  1.0955e-02]],

         [[-2.2919e-02, -3.7094e-02, -8.3242e-04],
          [-2.2415e-02,  1.6943e-02, -2.8251e-02],
          [-1.9415e-02, -3.3880e-03, -1.0769e-02]]]], requires_grad=True), Parameter containing:
tensor([0.9999, 0.9999, 1.0000, 1.0000, 1.0000, 1.0001, 1.0000, 1.0001, 0.9999,
        1.0000, 1.0001, 0.9999, 1.0001, 1.0001, 0.9999, 1.0000, 0.9999, 1.0001,
        0.9999, 1.0000, 1.0000, 1.0000, 1.0001, 1.0000, 1.0000, 1.0000, 0.9999,
        1.0000, 1.0000, 1.0000, 1.0000, 1.0001, 0.9999, 1.0000, 0.9999, 1.0000,
        1.0000, 0.9999, 1.0000, 1.0001, 1.0001, 1.0000, 1.0001, 1.0000, 0.9999,
        1.0000, 1.0000, 1.0001, 1.0000, 1.0000, 1.0000, 1.0000, 1.0000, 1.0000,
        1.0000, 1.0000, 1.0000, 1.0000, 0.9999, 1.0001, 1.0000, 1.0000, 1.0001,
        1.0000], requires_grad=True), Parameter containing:
tensor([-7.3971e-05,  1.0786e-05, -6.9164e-06, -4.8947e-05,  5.2542e-05,
         6.1748e-05, -2.9005e-05,  1.7321e-05, -4.8542e-05, -2.9655e-05,
         1.0800e-04, -9.2351e-05,  1.2320e-05,  3.4760e-05, -5.9306e-05,
         2.4777e-05, -9.5172e-05, -2.6929e-05, -5.5993e-05,  6.0955e-05,
         2.9493e-05,  1.0496e-05,  8.0639e-05, -7.2187e-05, -4.1421e-05,
         4.6378e-05, -2.0902e-05,  5.9573e-05,  4.6500e-05, -3.8288e-05,
         4.3475e-05,  1.8807e-05, -1.7254e-05,  3.8540e-05, -3.8552e-05,
         6.4281e-05, -5.1619e-06, -1.7277e-05, -1.2919e-05,  5.7858e-05,
         4.0944e-05,  1.5992e-05,  7.5745e-05,  2.4723e-05, -6.1679e-05,
         1.2713e-05, -5.9889e-06, -4.9959e-05,  4.5247e-05,  9.3931e-06,
         5.2787e-05,  6.1111e-05, -8.3809e-06,  1.6500e-05,  1.2200e-05,
        -7.2826e-05,  7.3266e-05,  5.8822e-06, -4.9221e-05,  5.0945e-05,
        -1.8743e-05, -3.7776e-05, -8.4650e-06, -2.6875e-05],
       requires_grad=True), Parameter containing:
tensor([1.0000, 0.9999, 1.0001, 1.0000, 1.0000, 1.0001, 1.0000, 1.0000, 1.0000,
        1.0000, 1.0000, 1.0000, 1.0000, 1.0000, 1.0000, 0.9999, 1.0000, 1.0001,
        1.0000, 1.0000, 1.0001, 1.0000, 0.9999, 1.0000, 1.0000, 1.0000, 1.0000,
        1.0000, 0.9999, 1.0000, 1.0000, 1.0000, 1.0000, 1.0000, 0.9999, 1.0000,
        1.0000, 1.0001, 1.0000, 1.0000, 1.0001, 1.0000, 1.0000, 1.0001, 1.0000,
        1.0001, 1.0000, 1.0000, 1.0000, 1.0000, 0.9999, 1.0000, 1.0000, 0.9999,
        0.9999, 1.0000, 1.0001, 0.9999, 1.0000, 1.0000, 1.0001, 1.0000, 0.9999,
        1.0001], requires_grad=True), Parameter containing:
tensor([-3.4741e-06, -1.6303e-05,  6.5928e-05,  7.9118e-07,  1.0471e-05,
         4.5519e-05, -1.1561e-05,  3.4554e-05, -6.1046e-05, -2.4914e-05,
         7.2418e-05, -5.8691e-06,  2.8806e-05,  1.1881e-05, -1.1719e-05,
        -6.2240e-05, -2.5344e-05, -2.0984e-05, -3.1893e-05,  3.1155e-05,
        -8.3377e-06,  2.0388e-05, -4.1763e-06, -1.1083e-05,  2.6987e-05,
         3.8738e-05, -5.0229e-05, -2.4758e-06, -1.4132e-05, -2.8815e-05,
         1.0085e-06,  8.1765e-06,  2.5657e-05, -3.1166e-05, -5.1141e-05,
         1.6878e-05, -1.6220e-05, -5.8091e-05, -2.5386e-05, -1.3359e-05,
         5.3127e-05,  2.3702e-05, -3.3878e-05, -1.2224e-05, -5.1171e-06,
         3.1725e-05, -8.3553e-06, -2.8266e-05,  4.3282e-05,  4.2264e-06,
        -2.6575e-05, -6.5950e-05,  4.5859e-06,  1.6610e-05,  1.8767e-05,
        -4.8358e-05,  4.6700e-05,  1.0492e-05,  1.8286e-05, -2.3743e-05,
         2.3241e-05, -1.6775e-05,  9.6401e-06,  5.6652e-06],
       requires_grad=True), Parameter containing:
tensor([[[[-8.0706e-03,  2.6701e-02, -1.3774e-02],
          [-3.9146e-02,  2.3442e-03, -2.7438e-02],
          [-1.3326e-03,  4.0489e-02, -2.9321e-03]],

         [[-1.7557e-03,  1.5860e-02, -1.5364e-03],
          [ 9.0250e-03, -3.5330e-03,  4.0893e-02],
          [ 3.2993e-02, -3.3151e-02, -2.9648e-02]],

         [[-1.1664e-02,  3.5177e-02, -1.7011e-02],
          [-3.5203e-02,  2.4645e-02, -1.9063e-02],
          [-7.6376e-03,  2.7248e-02, -3.1615e-03]],

         ...,

         [[ 1.7341e-02,  3.8722e-02,  3.2324e-02],
          [-1.1949e-02, -3.1055e-02, -1.1846e-02],
          [ 1.7337e-02,  1.5040e-02, -1.5181e-02]],

         [[ 2.5363e-02, -5.3472e-04, -2.8547e-02],
          [ 1.1310e-02, -5.6753e-03,  2.9353e-03],
          [-3.3889e-02,  2.9261e-03,  3.3360e-02]],

         [[ 3.0301e-02,  2.3110e-02,  3.7898e-02],
          [ 3.7297e-02,  1.1294e-02, -3.2766e-02],
          [ 3.9760e-02, -3.3699e-02, -1.6025e-03]]],


        [[[-2.0634e-02,  2.9811e-02, -8.5239e-03],
          [-3.4447e-02,  1.6968e-02, -3.2582e-02],
          [-9.2393e-03,  3.4042e-02, -1.9824e-02]],

         [[-2.7112e-02,  2.9587e-02, -1.1513e-02],
          [ 7.9146e-03,  3.4196e-02,  4.8206e-03],
          [ 1.4495e-02, -3.6510e-02,  3.8257e-02]],

         [[ 3.1849e-02,  2.6002e-03, -9.5778e-03],
          [-2.9394e-02, -6.9824e-03, -3.1578e-02],
          [ 2.8398e-02,  3.2871e-02, -6.2476e-04]],

         ...,

         [[ 3.3703e-02, -1.1318e-02, -1.3052e-02],
          [-3.8956e-02,  2.3881e-02,  1.1403e-02],
          [-5.0220e-04,  2.4910e-02,  2.0824e-02]],

         [[ 2.9507e-02, -2.8821e-02,  2.1073e-02],
          [ 3.9544e-02,  2.9181e-02, -2.6309e-02],
          [ 3.5178e-02, -3.6591e-02, -2.1638e-02]],

         [[ 3.8343e-02, -1.3600e-02, -8.9996e-03],
          [-3.5718e-02,  3.9082e-02,  6.7222e-03],
          [-2.7448e-02, -5.7826e-03, -2.7809e-02]]],


        [[[ 3.1531e-03,  1.4334e-02,  3.4096e-02],
          [ 1.5837e-02, -3.3041e-02, -2.2681e-02],
          [ 3.3784e-02, -3.8622e-02, -1.8795e-02]],

         [[ 1.5710e-02, -2.9143e-03,  3.5878e-02],
          [ 3.4187e-02, -7.8944e-03, -1.8053e-02],
          [-3.1418e-02,  4.1580e-02,  1.0895e-02]],

         [[-3.2131e-02,  1.8626e-02,  5.9834e-03],
          [ 4.8754e-03,  8.3933e-03,  3.3844e-02],
          [-6.5263e-03, -1.3992e-02, -2.4618e-02]],

         ...,

         [[-9.2833e-03, -3.5337e-02, -2.6580e-02],
          [-3.7781e-02, -2.1292e-02,  3.2922e-02],
          [ 3.1105e-02, -2.0698e-02,  8.4254e-03]],

         [[ 2.2460e-04,  2.1430e-02,  2.9758e-02],
          [ 3.2494e-02,  2.8514e-02, -1.8279e-02],
          [ 3.2574e-02, -3.2144e-02, -1.3346e-02]],

         [[-1.0933e-02, -1.7577e-02, -9.5630e-03],
          [-1.5747e-02,  3.8039e-02, -1.5226e-02],
          [ 3.4227e-02, -2.0467e-02,  2.5196e-02]]],


        ...,


        [[[ 2.2749e-02,  3.4521e-02, -6.4131e-03],
          [-3.7234e-03, -2.9081e-02,  2.3915e-02],
          [-3.2966e-02,  4.0418e-02, -1.3279e-02]],

         [[-8.9551e-04,  3.2632e-02, -3.5749e-02],
          [-7.9585e-03, -1.3392e-02,  3.3205e-02],
          [-1.5282e-02,  1.3907e-02, -3.9810e-02]],

         [[ 9.6101e-03, -4.0119e-02,  3.3586e-02],
          [-1.0217e-02,  3.6289e-02, -6.2561e-03],
          [ 3.8971e-02, -2.8635e-03, -1.6455e-02]],

         ...,

         [[ 2.0197e-02, -2.3258e-02, -4.1144e-02],
          [-3.1242e-02, -1.7492e-02,  3.3478e-02],
          [ 6.6177e-03, -2.1487e-02,  1.7138e-02]],

         [[ 1.4767e-02, -3.3159e-02,  1.7315e-02],
          [ 3.6950e-04,  4.0375e-02, -3.6360e-02],
          [-2.8449e-02, -1.6929e-02,  2.2268e-03]],

         [[-3.6750e-02,  3.0163e-02,  1.9556e-02],
          [ 2.4492e-02, -2.9124e-02,  3.6601e-06],
          [-1.4448e-02,  2.8287e-02, -1.1076e-02]]],


        [[[-2.2930e-02, -4.0468e-02, -3.2824e-02],
          [ 3.3269e-02, -1.7906e-02, -1.7861e-03],
          [ 4.3891e-04,  1.9504e-02,  2.0015e-02]],

         [[ 1.0027e-02,  1.9957e-03,  2.1171e-02],
          [ 3.9335e-02,  3.4066e-02,  3.2633e-02],
          [ 1.8217e-02,  1.7880e-02, -2.7620e-02]],

         [[-3.6245e-02,  2.5180e-02,  2.4329e-02],
          [ 4.0703e-02, -2.5118e-02,  2.3232e-04],
          [ 1.5388e-02, -2.5879e-02,  3.4781e-02]],

         ...,

         [[ 2.3488e-02, -1.1418e-02,  6.6366e-03],
          [ 2.6798e-02,  3.0645e-02,  3.1072e-02],
          [ 2.6422e-02, -3.4363e-02, -3.2528e-02]],

         [[ 3.4845e-02,  1.2287e-02,  8.2608e-03],
          [-2.6461e-02,  3.2519e-02, -3.6217e-02],
          [-3.5931e-02,  2.6479e-02,  3.1011e-02]],

         [[ 1.2949e-02,  6.2727e-03, -8.4536e-03],
          [-8.1812e-03,  7.5371e-03, -2.8179e-02],
          [-7.9061e-03, -3.6286e-02, -3.0687e-02]]],


        [[[-3.5710e-02, -1.1142e-02, -2.0007e-02],
          [-3.3069e-02,  3.0907e-02, -1.3673e-02],
          [ 2.0490e-02,  2.5434e-02, -2.4114e-02]],

         [[-2.8899e-02,  3.8503e-02,  1.8409e-02],
          [ 3.5482e-03, -4.8274e-03, -1.3582e-02],
          [ 9.8464e-03,  1.6503e-02,  3.1785e-02]],

         [[-3.8983e-02, -3.7911e-03,  2.9657e-02],
          [ 2.7128e-02,  1.6450e-02,  3.6131e-02],
          [-3.1859e-02,  1.4461e-02, -2.4871e-02]],

         ...,

         [[ 1.6247e-03,  3.1457e-02, -3.5848e-02],
          [ 1.2216e-02,  1.0997e-02, -2.7900e-02],
          [ 2.9647e-02, -1.9395e-02,  3.1096e-03]],

         [[-6.6752e-03,  1.5799e-03, -3.6570e-02],
          [-2.6603e-02,  7.1140e-04, -4.0715e-02],
          [ 2.4442e-02, -2.5510e-02,  2.2066e-02]],

         [[ 3.9627e-02, -5.5812e-03, -1.1804e-02],
          [ 1.2888e-02, -3.2063e-02,  1.3004e-02],
          [ 2.5218e-04, -4.2729e-04, -1.9520e-02]]]], requires_grad=True), Parameter containing:
tensor([[[[ 0.0135, -0.0407,  0.0279],
          [ 0.0318,  0.0306,  0.0049],
          [-0.0084, -0.0126,  0.0321]],

         [[-0.0074,  0.0147, -0.0095],
          [-0.0266,  0.0275, -0.0186],
          [ 0.0226,  0.0228,  0.0160]],

         [[ 0.0225, -0.0291,  0.0016],
          [ 0.0025,  0.0299,  0.0403],
          [ 0.0267, -0.0263,  0.0296]],

         ...,

         [[-0.0405,  0.0053,  0.0080],
          [-0.0108,  0.0032,  0.0313],
          [ 0.0025,  0.0252, -0.0378]],

         [[ 0.0060,  0.0106, -0.0240],
          [ 0.0296,  0.0365, -0.0293],
          [ 0.0024,  0.0072,  0.0081]],

         [[ 0.0328, -0.0267,  0.0268],
          [-0.0333,  0.0313, -0.0067],
          [-0.0183,  0.0106, -0.0185]]],


        [[[-0.0205, -0.0002,  0.0113],
          [-0.0404, -0.0320,  0.0152],
          [-0.0415,  0.0228, -0.0191]],

         [[-0.0054, -0.0170,  0.0186],
          [-0.0201,  0.0146,  0.0014],
          [ 0.0150,  0.0213,  0.0060]],

         [[-0.0055,  0.0006, -0.0019],
          [-0.0074, -0.0075, -0.0263],
          [ 0.0401,  0.0214, -0.0297]],

         ...,

         [[ 0.0156,  0.0137, -0.0178],
          [ 0.0170,  0.0044, -0.0132],
          [ 0.0261,  0.0211,  0.0195]],

         [[-0.0174, -0.0148,  0.0403],
          [-0.0126, -0.0241,  0.0346],
          [ 0.0070,  0.0015,  0.0364]],

         [[ 0.0361, -0.0149, -0.0083],
          [-0.0301,  0.0194, -0.0343],
          [-0.0397,  0.0073,  0.0179]]],


        [[[-0.0396, -0.0345, -0.0218],
          [-0.0287, -0.0280, -0.0225],
          [ 0.0331, -0.0313,  0.0318]],

         [[ 0.0040,  0.0234, -0.0063],
          [-0.0244, -0.0041,  0.0128],
          [-0.0209, -0.0183,  0.0070]],

         [[-0.0222, -0.0262, -0.0156],
          [ 0.0270, -0.0064,  0.0258],
          [ 0.0144, -0.0126,  0.0344]],

         ...,

         [[ 0.0063,  0.0361, -0.0019],
          [-0.0163, -0.0371, -0.0054],
          [ 0.0413, -0.0282,  0.0107]],

         [[-0.0293,  0.0343, -0.0075],
          [ 0.0073,  0.0344, -0.0034],
          [-0.0020,  0.0130,  0.0399]],

         [[ 0.0041, -0.0374, -0.0369],
          [-0.0078,  0.0306,  0.0290],
          [ 0.0067,  0.0148, -0.0056]]],


        ...,


        [[[-0.0119,  0.0009,  0.0380],
          [-0.0196,  0.0224,  0.0405],
          [-0.0218,  0.0230, -0.0047]],

         [[ 0.0108,  0.0327,  0.0319],
          [ 0.0330,  0.0144, -0.0165],
          [ 0.0346,  0.0348, -0.0407]],

         [[-0.0128,  0.0336,  0.0047],
          [ 0.0335,  0.0354, -0.0228],
          [-0.0037,  0.0087,  0.0394]],

         ...,

         [[-0.0097,  0.0351, -0.0257],
          [ 0.0267, -0.0212,  0.0142],
          [ 0.0075,  0.0376,  0.0272]],

         [[-0.0387,  0.0057, -0.0285],
          [ 0.0390, -0.0010,  0.0166],
          [-0.0278, -0.0131,  0.0053]],

         [[ 0.0296,  0.0156, -0.0076],
          [-0.0219, -0.0226,  0.0375],
          [ 0.0289,  0.0056,  0.0234]]],


        [[[-0.0231, -0.0322, -0.0060],
          [-0.0134, -0.0236, -0.0027],
          [ 0.0340, -0.0115, -0.0200]],

         [[-0.0110, -0.0343,  0.0085],
          [ 0.0331, -0.0015,  0.0178],
          [-0.0089,  0.0111,  0.0110]],

         [[-0.0269, -0.0014, -0.0213],
          [ 0.0090,  0.0195, -0.0076],
          [-0.0256, -0.0210, -0.0245]],

         ...,

         [[-0.0282, -0.0347, -0.0009],
          [-0.0177, -0.0121,  0.0068],
          [-0.0004, -0.0388, -0.0034]],

         [[ 0.0033,  0.0195, -0.0013],
          [-0.0324,  0.0120,  0.0162],
          [ 0.0057,  0.0030, -0.0177]],

         [[ 0.0308,  0.0230, -0.0209],
          [-0.0061,  0.0207, -0.0356],
          [-0.0116,  0.0064, -0.0245]]],


        [[[-0.0121, -0.0099,  0.0322],
          [-0.0209, -0.0338,  0.0066],
          [-0.0383, -0.0283,  0.0101]],

         [[ 0.0221, -0.0211, -0.0362],
          [ 0.0117, -0.0378,  0.0028],
          [ 0.0360, -0.0251,  0.0018]],

         [[ 0.0035,  0.0089, -0.0218],
          [-0.0036,  0.0265, -0.0110],
          [ 0.0116, -0.0013, -0.0110]],

         ...,

         [[-0.0279, -0.0024, -0.0007],
          [-0.0154,  0.0369, -0.0132],
          [ 0.0131,  0.0165, -0.0353]],

         [[ 0.0346,  0.0319, -0.0261],
          [-0.0037, -0.0398,  0.0179],
          [-0.0304,  0.0202, -0.0064]],

         [[ 0.0064,  0.0260, -0.0192],
          [ 0.0116, -0.0172, -0.0385],
          [-0.0408,  0.0281, -0.0167]]]], requires_grad=True), Parameter containing:
tensor([1.0000, 1.0000, 1.0000, 1.0000, 1.0000, 0.9999, 1.0000, 1.0000, 1.0000,
        1.0000, 1.0000, 0.9999, 1.0001, 1.0001, 1.0001, 1.0000, 0.9999, 1.0000,
        1.0000, 0.9999, 1.0000, 1.0000, 1.0000, 1.0000, 1.0000, 1.0000, 1.0001,
        1.0000, 1.0000, 1.0001, 1.0000, 1.0000, 0.9999, 1.0000, 1.0000, 1.0000,
        0.9999, 1.0001, 1.0000, 1.0000, 1.0000, 1.0000, 1.0001, 0.9999, 1.0000,
        1.0000, 1.0000, 1.0000, 1.0000, 1.0000, 1.0000, 1.0000, 1.0000, 1.0001,
        1.0000, 0.9999, 1.0000, 1.0000, 1.0000, 1.0000, 1.0000, 1.0000, 1.0000,
        1.0001], requires_grad=True), Parameter containing:
tensor([-4.8750e-05, -2.5345e-05, -1.1127e-05,  2.3498e-05, -4.6482e-05,
        -9.5018e-05, -2.6404e-05,  9.0262e-06,  4.5339e-05, -5.3367e-06,
        -6.4694e-06, -5.0257e-05,  9.0547e-05,  4.9094e-05,  6.6501e-06,
         1.6386e-05, -3.7103e-05, -2.5899e-05, -1.0238e-05, -1.7269e-05,
         2.4979e-05, -3.1514e-05, -2.9601e-05,  1.8378e-05,  1.2753e-05,
        -6.7819e-05,  7.0801e-05, -1.4124e-05, -2.7718e-05,  3.0348e-05,
         4.3843e-05, -1.1200e-06, -1.2574e-05, -1.7869e-05,  1.7144e-05,
        -2.1429e-05, -3.9478e-05,  3.3143e-05, -6.8343e-06, -1.7300e-06,
        -3.9943e-05, -4.5856e-05,  4.3550e-05, -7.0048e-05,  5.5710e-05,
         8.2398e-05, -2.1431e-05,  3.2044e-05, -1.2445e-05, -2.9519e-05,
        -5.2684e-05,  5.8508e-05,  1.3115e-05,  6.9144e-06,  6.4433e-05,
        -5.8014e-05, -3.1041e-05,  2.8878e-06,  4.3641e-06, -1.3077e-06,
         2.2324e-05,  1.9411e-06, -5.4039e-05,  1.0555e-05],
       requires_grad=True), Parameter containing:
tensor([1.0000, 1.0000, 1.0000, 1.0000, 1.0000, 1.0000, 1.0000, 1.0000, 1.0001,
        1.0000, 1.0000, 1.0000, 0.9999, 1.0000, 1.0000, 1.0000, 1.0001, 1.0000,
        1.0000, 1.0000, 1.0000, 1.0000, 0.9999, 1.0001, 1.0000, 1.0000, 1.0000,
        1.0000, 0.9999, 1.0000, 1.0000, 1.0000, 0.9999, 0.9999, 1.0000, 1.0000,
        1.0000, 1.0001, 1.0000, 0.9999, 1.0000, 0.9999, 1.0000, 1.0000, 1.0000,
        1.0000, 1.0001, 1.0000, 1.0000, 0.9999, 1.0000, 1.0000, 1.0000, 1.0000,
        1.0000, 1.0000, 1.0000, 1.0000, 1.0000, 1.0000, 1.0000, 1.0001, 1.0000,
        1.0000], requires_grad=True), Parameter containing:
tensor([ 5.4608e-06,  1.7717e-06,  7.5974e-05,  2.6376e-06, -3.7140e-06,
         1.2255e-05,  1.2605e-05, -5.3659e-06, -1.3198e-05,  7.8379e-06,
         5.3541e-05, -1.4846e-05,  1.6551e-05,  1.3799e-05,  1.5591e-05,
        -4.4528e-05, -2.3990e-05, -3.1179e-05,  1.2972e-05, -1.2341e-05,
        -5.4308e-06, -8.4287e-06,  3.7248e-06,  6.7546e-06,  2.0924e-05,
         1.0095e-05, -3.7329e-06,  9.7901e-06, -3.4617e-05, -2.6968e-05,
         1.3683e-05,  3.4465e-07, -1.2266e-05, -1.9724e-05, -5.9652e-05,
        -8.8267e-06, -2.5569e-05, -3.9005e-05, -1.8707e-06,  2.4644e-06,
        -7.4904e-07,  1.7696e-05, -9.0744e-06, -6.2303e-06,  1.9165e-05,
         2.5245e-05,  1.6280e-05, -6.4084e-07,  2.4937e-05,  4.7664e-07,
         7.5203e-06, -1.9464e-05,  4.3961e-06,  2.3064e-06,  2.4641e-05,
        -3.5506e-05,  1.0745e-05,  1.1185e-05,  3.9669e-05, -2.8057e-05,
        -1.0184e-06, -2.1826e-05, -3.7583e-05,  2.8801e-05],
       requires_grad=True), Parameter containing:
tensor([[[[ 0.0378, -0.0335, -0.0025],
          [ 0.0147, -0.0100, -0.0021],
          [-0.0150, -0.0238,  0.0091]],

         [[ 0.0002, -0.0264, -0.0207],
          [ 0.0258,  0.0213,  0.0345],
          [ 0.0097, -0.0309,  0.0048]],

         [[-0.0083, -0.0206, -0.0346],
          [ 0.0309,  0.0190,  0.0242],
          [ 0.0095,  0.0404,  0.0286]],

         ...,

         [[-0.0385,  0.0359,  0.0259],
          [ 0.0077, -0.0110,  0.0303],
          [-0.0287,  0.0267, -0.0166]],

         [[ 0.0131, -0.0266,  0.0078],
          [-0.0030,  0.0225, -0.0077],
          [-0.0346, -0.0131,  0.0189]],

         [[-0.0064, -0.0339,  0.0059],
          [ 0.0322,  0.0179, -0.0302],
          [-0.0244,  0.0274,  0.0334]]],


        [[[ 0.0162,  0.0364,  0.0069],
          [ 0.0355,  0.0308,  0.0151],
          [-0.0079,  0.0219, -0.0126]],

         [[-0.0230,  0.0093, -0.0309],
          [-0.0320,  0.0003, -0.0388],
          [-0.0317,  0.0017, -0.0072]],

         [[-0.0371,  0.0183,  0.0290],
          [ 0.0404, -0.0257,  0.0217],
          [-0.0280, -0.0218,  0.0056]],

         ...,

         [[-0.0140, -0.0087,  0.0279],
          [ 0.0380, -0.0035, -0.0389],
          [-0.0343, -0.0158,  0.0234]],

         [[ 0.0047, -0.0244,  0.0224],
          [-0.0174, -0.0120,  0.0270],
          [ 0.0349, -0.0353,  0.0175]],

         [[ 0.0205, -0.0313,  0.0381],
          [-0.0353,  0.0181,  0.0162],
          [ 0.0344, -0.0098, -0.0165]]],


        [[[ 0.0358,  0.0164,  0.0059],
          [ 0.0349, -0.0159, -0.0328],
          [ 0.0302, -0.0209, -0.0219]],

         [[-0.0387, -0.0410, -0.0143],
          [-0.0009, -0.0262, -0.0054],
          [ 0.0058,  0.0292,  0.0088]],

         [[-0.0099,  0.0078, -0.0404],
          [-0.0408,  0.0087,  0.0392],
          [ 0.0194, -0.0186, -0.0146]],

         ...,

         [[ 0.0228, -0.0138,  0.0306],
          [ 0.0083, -0.0180, -0.0189],
          [ 0.0207,  0.0339, -0.0401]],

         [[-0.0159,  0.0059, -0.0074],
          [-0.0253,  0.0394,  0.0368],
          [-0.0055, -0.0360,  0.0085]],

         [[ 0.0387, -0.0114, -0.0103],
          [ 0.0089, -0.0196, -0.0132],
          [ 0.0404, -0.0093,  0.0146]]],


        ...,


        [[[-0.0151, -0.0371, -0.0048],
          [ 0.0047, -0.0023,  0.0308],
          [-0.0018,  0.0338, -0.0297]],

         [[ 0.0073,  0.0286, -0.0331],
          [-0.0386, -0.0368,  0.0221],
          [ 0.0398, -0.0200,  0.0161]],

         [[ 0.0379, -0.0003, -0.0258],
          [ 0.0255, -0.0332, -0.0287],
          [-0.0015, -0.0413,  0.0005]],

         ...,

         [[ 0.0097,  0.0139, -0.0003],
          [-0.0163,  0.0406, -0.0181],
          [-0.0233, -0.0079,  0.0085]],

         [[-0.0402,  0.0070, -0.0298],
          [ 0.0083,  0.0161,  0.0220],
          [ 0.0146,  0.0352,  0.0124]],

         [[-0.0249,  0.0035, -0.0083],
          [-0.0066, -0.0064, -0.0199],
          [-0.0335,  0.0293,  0.0122]]],


        [[[-0.0349,  0.0128,  0.0372],
          [ 0.0302, -0.0254, -0.0040],
          [-0.0133, -0.0247,  0.0233]],

         [[-0.0368, -0.0262,  0.0275],
          [-0.0255, -0.0025,  0.0285],
          [ 0.0344, -0.0052, -0.0212]],

         [[ 0.0182, -0.0094, -0.0336],
          [-0.0275,  0.0143,  0.0057],
          [ 0.0254,  0.0316, -0.0077]],

         ...,

         [[-0.0149, -0.0034, -0.0118],
          [-0.0266, -0.0184, -0.0071],
          [ 0.0171, -0.0244, -0.0132]],

         [[ 0.0281,  0.0269,  0.0337],
          [-0.0162, -0.0193,  0.0262],
          [ 0.0070,  0.0008, -0.0068]],

         [[-0.0016, -0.0378,  0.0008],
          [ 0.0188,  0.0119, -0.0309],
          [-0.0251, -0.0128,  0.0072]]],


        [[[ 0.0304, -0.0082, -0.0381],
          [-0.0335, -0.0129,  0.0173],
          [-0.0125, -0.0372, -0.0110]],

         [[ 0.0210,  0.0386,  0.0126],
          [-0.0184,  0.0368,  0.0290],
          [-0.0361,  0.0085,  0.0251]],

         [[ 0.0175,  0.0137,  0.0293],
          [-0.0300,  0.0414, -0.0284],
          [-0.0094, -0.0264,  0.0386]],

         ...,

         [[-0.0224, -0.0235, -0.0272],
          [ 0.0417,  0.0360, -0.0298],
          [-0.0215, -0.0284,  0.0190]],

         [[-0.0219,  0.0260,  0.0190],
          [-0.0185, -0.0387,  0.0258],
          [-0.0359, -0.0310,  0.0292]],

         [[ 0.0023,  0.0404, -0.0283],
          [ 0.0411,  0.0044,  0.0309],
          [ 0.0144, -0.0177, -0.0068]]]], requires_grad=True), Parameter containing:
tensor([[[[ 1.5891e-02, -1.0496e-03,  1.2263e-02],
          [-7.3612e-03,  3.2487e-02,  8.5890e-03],
          [ 1.5849e-02, -3.8836e-02,  2.8270e-02]],

         [[-3.3568e-02,  1.3041e-03,  3.8693e-02],
          [ 8.0020e-03, -2.6453e-02, -2.4241e-02],
          [-6.6593e-03, -2.2463e-02,  2.2572e-02]],

         [[ 1.6766e-02, -3.1041e-02,  8.7022e-03],
          [-4.1441e-02,  3.3253e-02, -3.0209e-02],
          [ 3.3620e-02,  1.7546e-02, -8.9525e-03]],

         ...,

         [[-2.8885e-02, -2.0746e-02,  2.2261e-02],
          [ 3.2714e-02, -3.9413e-02,  4.1481e-02],
          [ 6.2692e-03,  2.5073e-02, -1.8197e-02]],

         [[ 1.0195e-02, -2.6281e-02, -3.3652e-02],
          [-2.0229e-02,  3.1622e-03, -2.1175e-02],
          [-2.3706e-03,  1.6098e-02,  2.9339e-02]],

         [[ 6.4673e-03,  2.3812e-02, -1.5619e-02],
          [-3.3891e-02,  1.9963e-02, -2.5923e-02],
          [-4.8821e-03, -2.2037e-02, -2.8609e-04]]],


        [[[ 4.1045e-02,  3.4387e-02, -6.1452e-03],
          [-3.8141e-02,  2.6498e-02, -3.8552e-03],
          [-4.1715e-02, -2.7374e-03,  4.1534e-02]],

         [[-2.8145e-02, -3.9740e-03, -1.3762e-02],
          [ 1.6273e-02,  2.2956e-03,  4.4760e-03],
          [ 1.0662e-02, -3.6076e-02,  1.8572e-02]],

         [[ 3.5273e-02, -8.5315e-03,  2.7301e-02],
          [ 7.1631e-03,  1.5696e-02, -8.9921e-03],
          [-9.2230e-03,  3.5395e-02, -2.8390e-02]],

         ...,

         [[ 2.3561e-02,  1.5508e-02,  1.1612e-02],
          [-2.5281e-02, -3.5999e-02, -7.7278e-03],
          [ 2.3108e-02, -1.9469e-02,  2.6351e-02]],

         [[-2.1997e-02,  1.8733e-02, -1.7727e-02],
          [-3.9333e-02,  3.9290e-02, -3.2206e-02],
          [-5.3737e-03,  3.1450e-02, -1.2525e-02]],

         [[ 5.5291e-03,  3.5865e-02,  1.9797e-02],
          [-3.5359e-02,  2.9773e-02,  1.7075e-02],
          [ 3.6134e-02, -2.9490e-02, -1.5647e-02]]],


        [[[-2.5999e-02, -7.4449e-03, -3.2577e-02],
          [-2.7519e-03,  4.1187e-02,  6.2680e-03],
          [ 1.3419e-02,  3.5242e-02,  3.2495e-02]],

         [[ 3.9597e-02, -4.1723e-02, -1.3620e-02],
          [ 1.9598e-03, -2.2915e-02, -2.3603e-02],
          [-3.4646e-02,  2.0952e-02,  1.7504e-02]],

         [[ 6.6021e-03, -3.1072e-02, -3.4973e-02],
          [ 2.5360e-02,  8.8360e-03,  2.9618e-02],
          [-3.6233e-02,  3.8095e-02,  3.2297e-02]],

         ...,

         [[ 3.0164e-02, -1.9705e-02, -4.1607e-03],
          [-2.8686e-03, -6.0224e-03, -4.0709e-02],
          [ 1.0220e-02, -2.5026e-02,  2.6390e-02]],

         [[-1.9519e-02,  2.1040e-02, -4.0234e-02],
          [-2.9027e-02, -2.6298e-02,  1.8431e-02],
          [-1.2224e-02,  4.0171e-02,  4.5571e-03]],

         [[-1.2684e-02, -2.0467e-02,  6.6091e-03],
          [ 1.9346e-02, -3.8369e-02,  2.7044e-02],
          [ 5.0362e-03, -2.5593e-02,  2.6285e-02]]],


        ...,


        [[[ 1.6444e-02,  1.9976e-03,  3.5610e-02],
          [ 4.1543e-02,  3.5673e-02,  9.6894e-03],
          [-5.3108e-03, -1.0454e-02, -1.3334e-02]],

         [[ 1.8209e-02, -3.8114e-02, -2.5717e-02],
          [-1.3156e-02,  9.0582e-03,  8.3601e-03],
          [-5.9101e-03, -3.6867e-02, -2.9762e-02]],

         [[ 3.2033e-02, -1.3670e-02,  9.3686e-03],
          [ 1.3487e-02, -2.6114e-02, -1.2371e-02],
          [ 4.1014e-02,  8.1548e-03,  3.4294e-02]],

         ...,

         [[ 3.0545e-02,  2.6115e-02, -3.0821e-02],
          [ 1.5687e-02,  1.0203e-02, -3.4572e-02],
          [ 5.5922e-03,  1.5429e-04,  3.4404e-02]],

         [[-2.1043e-02, -3.6604e-02,  6.8125e-05],
          [ 5.3120e-03, -3.6368e-02, -5.8287e-03],
          [-6.7944e-03,  8.1969e-03, -3.9415e-02]],

         [[ 2.6640e-02,  2.8097e-02, -2.2814e-02],
          [-2.4713e-02, -5.6403e-03,  2.7314e-02],
          [-8.0686e-03,  3.8127e-02,  3.3057e-02]]],


        [[[-2.8873e-02, -3.5391e-02, -1.3945e-02],
          [-1.1933e-03, -3.2723e-02,  1.7838e-02],
          [-1.5721e-02, -1.6604e-02, -1.1547e-02]],

         [[-1.7312e-02,  1.0925e-02, -1.7058e-02],
          [ 3.5810e-02,  2.0304e-02,  5.1092e-03],
          [-3.0954e-02,  2.9133e-02,  1.4990e-02]],

         [[ 1.0998e-02, -2.5843e-03,  2.6310e-02],
          [ 6.9095e-03,  1.4366e-02,  4.1444e-02],
          [ 3.1518e-02,  1.7916e-02, -1.6858e-02]],

         ...,

         [[-4.3605e-03, -2.6602e-02, -2.8976e-03],
          [-2.6392e-02,  2.0300e-02, -1.2000e-02],
          [ 1.5722e-02, -2.7773e-02,  1.0961e-02]],

         [[-3.2255e-02,  2.2499e-02, -3.5929e-02],
          [-3.4705e-02,  9.0681e-03, -1.3224e-02],
          [ 2.3635e-02,  2.6129e-02, -2.7773e-02]],

         [[ 3.1033e-02,  3.3136e-02, -5.3300e-03],
          [ 3.1546e-02,  3.6915e-02,  3.5693e-02],
          [-3.0148e-02,  2.8703e-02,  4.1048e-02]]],


        [[[-4.4213e-03,  1.5817e-03,  8.6360e-03],
          [ 3.6585e-02,  3.3931e-03,  3.9166e-02],
          [ 2.1142e-02, -1.6496e-02,  3.9228e-02]],

         [[ 1.0170e-02, -2.6521e-02,  2.7120e-02],
          [ 1.8458e-02,  1.8017e-02, -4.1439e-02],
          [ 1.0347e-02,  8.0899e-03,  1.3372e-02]],

         [[ 3.0337e-02, -2.5623e-02, -5.1001e-03],
          [ 2.6858e-02,  3.6377e-02, -3.7857e-02],
          [ 1.2156e-02,  4.0895e-03, -3.8944e-02]],

         ...,

         [[-2.1793e-03,  3.8352e-02, -1.2519e-02],
          [ 3.9282e-02, -1.1801e-02,  3.8514e-04],
          [ 2.4690e-02,  3.7278e-02,  2.5143e-02]],

         [[-2.2186e-02,  2.2956e-02, -2.3361e-02],
          [-1.1640e-02,  4.1087e-02,  4.0640e-02],
          [-4.6034e-03,  3.5358e-02,  2.8855e-02]],

         [[-1.4417e-02, -2.1625e-02,  3.5644e-02],
          [ 1.8284e-02,  3.3366e-02, -1.4236e-02],
          [-1.6808e-02,  1.1892e-02,  1.5194e-02]]]], requires_grad=True), Parameter containing:
tensor([1.0000, 0.9999, 0.9999, 1.0000, 1.0000, 0.9999, 1.0000, 1.0000, 1.0000,
        1.0001, 1.0000, 1.0000, 1.0000, 1.0000, 1.0000, 1.0000, 1.0000, 1.0000,
        1.0000, 1.0000, 1.0000, 1.0000, 1.0000, 1.0001, 1.0000, 1.0000, 1.0000,
        1.0000, 1.0000, 1.0000, 1.0000, 1.0000, 0.9999, 1.0000, 0.9999, 1.0000,
        1.0000, 1.0000, 1.0000, 1.0001, 1.0000, 1.0000, 1.0000, 1.0000, 1.0000,
        1.0000, 1.0000, 1.0000, 1.0001, 0.9999, 1.0000, 1.0000, 1.0000, 1.0000,
        1.0000, 1.0000, 1.0000, 1.0000, 1.0000, 1.0000, 1.0000, 1.0000, 1.0000,
        1.0000], requires_grad=True), Parameter containing:
tensor([-1.3329e-05, -2.8883e-05, -4.5189e-05,  4.9227e-05, -6.2250e-05,
        -3.9667e-05, -2.9505e-06,  1.0449e-06,  1.1187e-05,  4.6403e-05,
        -1.5072e-05,  1.5923e-05, -1.2507e-05,  3.6581e-06, -3.0420e-05,
         3.1350e-05, -4.5752e-05, -7.7514e-05,  7.5161e-06, -1.2997e-05,
         3.5084e-06, -1.6828e-05,  1.9060e-05,  2.1041e-05, -3.5244e-05,
        -3.7985e-05,  4.8917e-05,  8.8165e-06,  2.5593e-05,  6.6153e-06,
        -2.5748e-05,  3.0356e-06, -1.3847e-05, -2.0071e-06, -4.0190e-05,
         1.3577e-05,  7.5645e-06,  1.0565e-05, -1.9716e-05,  7.5294e-05,
         3.5327e-06,  1.4408e-05,  2.4693e-05, -3.5137e-06, -4.4581e-07,
        -1.6152e-05, -1.1918e-05,  1.3243e-05,  1.6040e-05, -2.4740e-05,
        -2.7140e-05,  4.1901e-05, -1.1403e-05,  2.1334e-06,  1.6810e-05,
         2.2423e-05,  3.6020e-05, -1.8712e-05, -6.4213e-06,  4.6980e-05,
        -3.5284e-05, -2.3757e-05, -3.5158e-06,  1.7064e-05],
       requires_grad=True), Parameter containing:
tensor([1.0000, 1.0000, 1.0001, 1.0000, 1.0000, 1.0000, 1.0000, 1.0000, 1.0000,
        1.0000, 1.0000, 1.0000, 1.0000, 1.0001, 1.0000, 1.0000, 1.0000, 1.0000,
        1.0000, 1.0000, 1.0000, 1.0000, 0.9999, 1.0000, 1.0000, 0.9999, 1.0000,
        1.0000, 1.0000, 1.0001, 1.0000, 1.0000, 1.0000, 0.9999, 1.0000, 1.0000,
        1.0000, 1.0000, 1.0000, 1.0000, 1.0000, 1.0000, 1.0000, 1.0000, 1.0000,
        1.0000, 1.0000, 1.0000, 1.0000, 1.0000, 1.0000, 1.0000, 1.0000, 1.0000,
        1.0000, 0.9999, 1.0000, 1.0000, 1.0000, 1.0000, 1.0000, 1.0000, 1.0000,
        1.0000], requires_grad=True), Parameter containing:
tensor([-1.5151e-05, -2.0180e-05,  6.0617e-05, -5.3003e-06,  3.3471e-06,
        -9.3339e-06, -4.8750e-06,  6.1883e-06, -1.2475e-05,  1.3853e-05,
         2.7885e-05,  3.7115e-06,  7.4671e-06,  2.4599e-05,  1.4575e-06,
        -2.1231e-05, -4.9106e-06, -4.7425e-06,  1.5980e-06, -3.1675e-06,
        -1.1147e-05,  3.4226e-05, -1.1467e-05,  1.4474e-07,  7.8995e-06,
        -1.0607e-05, -8.2369e-06,  1.4916e-05, -1.1476e-05,  1.1192e-05,
         1.0005e-05, -1.4069e-05, -1.5610e-05, -8.3834e-06, -1.9522e-05,
        -1.7624e-05,  8.1946e-06, -2.1007e-07,  1.7863e-05, -2.0183e-06,
        -6.3008e-07,  1.5586e-05,  1.6272e-05,  4.6241e-06,  2.8473e-05,
         1.9439e-05,  7.4031e-06,  1.1636e-06,  3.7542e-06,  3.8473e-06,
        -1.7785e-05, -3.0073e-06,  5.4360e-06, -1.3272e-05,  2.7167e-05,
        -7.0807e-05,  1.0093e-05, -1.3969e-05,  1.1042e-05, -1.3182e-05,
        -1.7869e-05,  1.1459e-05, -2.1912e-05,  1.6409e-05],
       requires_grad=True), Parameter containing:
tensor([[[[ 0.0228,  0.0284,  0.0287],
          [ 0.0011, -0.0150,  0.0351],
          [ 0.0025,  0.0066,  0.0215]],

         [[-0.0184,  0.0119, -0.0260],
          [ 0.0075,  0.0407,  0.0223],
          [ 0.0407,  0.0060, -0.0160]],

         [[-0.0103,  0.0110,  0.0100],
          [-0.0036, -0.0376, -0.0077],
          [ 0.0080, -0.0170,  0.0201]],

         ...,

         [[-0.0331, -0.0309, -0.0331],
          [ 0.0111,  0.0079,  0.0097],
          [ 0.0265,  0.0337, -0.0278]],

         [[ 0.0343,  0.0397,  0.0267],
          [-0.0373,  0.0159,  0.0012],
          [-0.0101,  0.0150, -0.0399]],

         [[ 0.0131, -0.0116, -0.0410],
          [-0.0274, -0.0028,  0.0262],
          [-0.0049,  0.0005, -0.0122]]],


        [[[-0.0034, -0.0329,  0.0238],
          [ 0.0145,  0.0274,  0.0397],
          [ 0.0003,  0.0299,  0.0120]],

         [[-0.0062,  0.0396,  0.0231],
          [-0.0233, -0.0036, -0.0119],
          [-0.0047, -0.0107,  0.0050]],

         [[ 0.0285, -0.0223, -0.0131],
          [-0.0387,  0.0006, -0.0408],
          [ 0.0177,  0.0302,  0.0315]],

         ...,

         [[ 0.0119,  0.0357,  0.0125],
          [ 0.0272,  0.0204, -0.0002],
          [-0.0007, -0.0194, -0.0409]],

         [[-0.0218,  0.0078,  0.0182],
          [-0.0120,  0.0357, -0.0231],
          [-0.0023, -0.0200,  0.0065]],

         [[-0.0259,  0.0199,  0.0265],
          [-0.0148, -0.0136,  0.0138],
          [-0.0289, -0.0035, -0.0100]]],


        [[[-0.0170,  0.0064, -0.0095],
          [-0.0348, -0.0278, -0.0230],
          [ 0.0381, -0.0136, -0.0216]],

         [[ 0.0015,  0.0412, -0.0069],
          [ 0.0179, -0.0382, -0.0036],
          [ 0.0088,  0.0174, -0.0371]],

         [[-0.0044, -0.0248,  0.0059],
          [-0.0136, -0.0111, -0.0025],
          [ 0.0396, -0.0108, -0.0277]],

         ...,

         [[ 0.0293,  0.0353, -0.0242],
          [-0.0028, -0.0189,  0.0050],
          [-0.0154, -0.0149,  0.0278]],

         [[ 0.0053, -0.0296,  0.0009],
          [-0.0006,  0.0130, -0.0335],
          [-0.0161,  0.0400, -0.0039]],

         [[-0.0035,  0.0395, -0.0183],
          [-0.0325, -0.0019,  0.0194],
          [ 0.0050,  0.0168, -0.0408]]],


        ...,


        [[[-0.0055, -0.0330, -0.0045],
          [-0.0046, -0.0047, -0.0306],
          [-0.0095,  0.0326, -0.0332]],

         [[ 0.0251,  0.0014,  0.0136],
          [-0.0047, -0.0092, -0.0244],
          [ 0.0137, -0.0274,  0.0361]],

         [[ 0.0306,  0.0246,  0.0296],
          [ 0.0006,  0.0187, -0.0054],
          [-0.0201,  0.0020, -0.0233]],

         ...,

         [[-0.0088,  0.0185,  0.0075],
          [-0.0167,  0.0154, -0.0202],
          [ 0.0160,  0.0371, -0.0104]],

         [[-0.0022,  0.0367,  0.0283],
          [-0.0045, -0.0128, -0.0311],
          [ 0.0079,  0.0139, -0.0267]],

         [[ 0.0137,  0.0335,  0.0209],
          [-0.0252,  0.0262,  0.0271],
          [ 0.0244,  0.0351,  0.0139]]],


        [[[ 0.0075,  0.0066, -0.0097],
          [-0.0048, -0.0124, -0.0405],
          [ 0.0315, -0.0085,  0.0189]],

         [[-0.0373,  0.0219,  0.0059],
          [ 0.0195,  0.0347,  0.0403],
          [-0.0056,  0.0019, -0.0196]],

         [[-0.0366,  0.0041, -0.0052],
          [-0.0274,  0.0200,  0.0101],
          [ 0.0139, -0.0234, -0.0033]],

         ...,

         [[ 0.0320,  0.0327, -0.0334],
          [-0.0254, -0.0193,  0.0159],
          [ 0.0337,  0.0236, -0.0148]],

         [[ 0.0232,  0.0317, -0.0353],
          [ 0.0023,  0.0068,  0.0225],
          [ 0.0356,  0.0026,  0.0267]],

         [[-0.0401, -0.0060, -0.0141],
          [-0.0394, -0.0120,  0.0225],
          [-0.0383,  0.0022, -0.0096]]],


        [[[ 0.0079, -0.0311, -0.0079],
          [ 0.0396,  0.0331, -0.0139],
          [-0.0072,  0.0362, -0.0304]],

         [[ 0.0247,  0.0044, -0.0357],
          [-0.0002, -0.0091, -0.0336],
          [-0.0233,  0.0041, -0.0132]],

         [[-0.0212,  0.0097,  0.0126],
          [-0.0076,  0.0245, -0.0040],
          [ 0.0257,  0.0407, -0.0043]],

         ...,

         [[ 0.0107,  0.0178, -0.0374],
          [ 0.0296, -0.0040,  0.0136],
          [ 0.0390,  0.0016,  0.0094]],

         [[-0.0161,  0.0160,  0.0079],
          [ 0.0213,  0.0127, -0.0057],
          [-0.0371,  0.0193,  0.0126]],

         [[-0.0203,  0.0369, -0.0344],
          [ 0.0385,  0.0275,  0.0115],
          [-0.0205,  0.0054,  0.0235]]]], requires_grad=True), Parameter containing:
tensor([[[[ 2.6217e-02, -3.4954e-02, -3.6338e-02],
          [ 1.7309e-02,  1.7959e-02,  3.4565e-02],
          [ 4.0979e-03,  9.1986e-03,  5.2570e-03]],

         [[-3.5527e-02, -2.5761e-02,  2.0293e-02],
          [-2.5131e-02, -4.8595e-03, -4.0462e-03],
          [ 2.1948e-02, -7.6693e-03,  1.0848e-02]],

         [[ 2.3249e-02, -3.7216e-02,  2.0273e-02],
          [-5.7470e-03, -5.2237e-03, -2.7968e-02],
          [-2.1993e-02,  2.1736e-02,  2.3414e-02]],

         ...,

         [[-1.6493e-03, -1.5578e-02, -9.7320e-04],
          [-3.0581e-02,  1.1829e-02,  3.2546e-02],
          [-1.6129e-02,  2.8726e-02, -1.9803e-02]],

         [[-2.1893e-02,  2.0869e-02,  8.8173e-03],
          [-2.3658e-02,  1.1173e-02,  3.9955e-02],
          [-1.9231e-02,  4.1429e-02, -3.0664e-02]],

         [[-3.1293e-02,  5.2749e-03, -1.1460e-02],
          [ 3.2979e-02, -4.1526e-02, -4.0616e-03],
          [ 2.9573e-02, -2.7556e-02, -1.6848e-02]]],


        [[[ 3.2015e-02, -2.2731e-02,  2.0184e-02],
          [-1.2063e-02,  2.2941e-02,  3.6969e-03],
          [-1.3461e-02,  2.8452e-02, -2.0383e-02]],

         [[-2.6798e-02,  3.4534e-02,  3.3594e-02],
          [-2.5387e-02,  1.3343e-02,  3.5157e-02],
          [-1.2582e-02, -2.5002e-03, -2.5135e-02]],

         [[ 2.7513e-02, -1.2008e-02, -4.0965e-02],
          [-1.6724e-02,  1.5736e-02,  9.4222e-03],
          [-3.0404e-02,  5.5291e-03, -3.2845e-02]],

         ...,

         [[-3.0322e-02, -2.9233e-02, -3.0650e-02],
          [ 2.5764e-02,  5.3883e-03, -2.9591e-04],
          [ 5.3495e-03,  2.0906e-03,  2.5922e-02]],

         [[-2.9719e-02,  1.1104e-02,  2.9528e-02],
          [ 5.8207e-03, -1.8414e-02, -3.6198e-02],
          [-6.9976e-03, -2.4453e-02,  4.0577e-02]],

         [[-4.0385e-02, -1.2306e-02, -3.1724e-03],
          [-1.7834e-02, -1.4496e-02,  3.2827e-02],
          [-2.6853e-02, -1.9910e-03, -2.6554e-02]]],


        [[[ 2.3768e-03,  3.2213e-02,  3.4561e-02],
          [-2.1575e-02, -4.0597e-02,  2.3407e-02],
          [-3.4873e-02, -3.3209e-02,  1.8200e-02]],

         [[-1.7102e-02,  1.2519e-02,  3.5355e-02],
          [ 1.2981e-02,  1.3569e-02, -4.1703e-02],
          [-1.5439e-02, -3.9323e-02,  2.7069e-02]],

         [[-4.1560e-02,  3.4065e-02, -4.6119e-03],
          [-2.8941e-02,  2.0920e-02,  3.0162e-02],
          [-5.1772e-03,  1.3241e-02, -3.7869e-02]],

         ...,

         [[ 2.5665e-02, -2.2850e-02,  3.0848e-02],
          [-3.3751e-02, -2.5596e-02, -1.1198e-02],
          [-2.8735e-02,  8.9425e-03,  2.2140e-02]],

         [[ 3.6202e-02,  7.9499e-04, -8.9697e-03],
          [ 3.6255e-02,  2.2605e-02,  3.8889e-02],
          [-2.0728e-02,  2.7650e-05,  3.6825e-02]],

         [[-3.6427e-02, -1.0578e-02, -3.6018e-02],
          [-1.4575e-02,  2.4283e-02, -1.5623e-02],
          [ 1.4806e-03,  2.5378e-02, -4.0854e-02]]],


        ...,


        [[[ 2.2850e-02, -2.5774e-04, -3.7825e-02],
          [-2.1443e-02, -7.8826e-03,  6.2663e-03],
          [-1.1695e-02,  6.5076e-03,  3.1810e-02]],

         [[ 1.4182e-02,  3.5640e-02,  3.2913e-02],
          [ 3.9159e-02, -1.2712e-03,  3.7309e-03],
          [-1.9255e-02, -3.8266e-02, -2.7766e-03]],

         [[-3.8293e-02, -1.9841e-02, -1.1027e-02],
          [-3.3199e-02, -1.5207e-02,  1.3369e-02],
          [ 3.7882e-02,  4.0591e-02, -8.2311e-03]],

         ...,

         [[ 3.4112e-02, -1.6057e-02, -1.3883e-02],
          [-3.1312e-02, -3.5502e-02, -7.8256e-03],
          [-2.1842e-02,  3.4725e-02,  2.4510e-02]],

         [[-2.5514e-02,  3.0311e-02, -3.4841e-02],
          [ 2.5489e-02,  8.7392e-03,  1.0013e-02],
          [ 5.7532e-03, -8.7717e-03,  3.0235e-02]],

         [[-2.6908e-02, -2.9179e-02,  1.2454e-02],
          [ 1.1820e-02, -8.2976e-03, -1.4140e-02],
          [ 3.2802e-02,  5.0418e-03, -2.9681e-03]]],


        [[[ 3.4865e-02,  3.2573e-03, -2.2513e-02],
          [-2.1679e-02, -2.0118e-02, -1.5925e-02],
          [ 7.9099e-03, -1.9420e-03, -2.1515e-02]],

         [[ 2.1206e-02,  3.8966e-02, -2.9483e-02],
          [-3.0533e-02,  1.3887e-03, -3.7406e-02],
          [-3.1551e-02, -8.6731e-03, -1.8589e-02]],

         [[-3.0464e-02,  8.4808e-03,  3.3903e-02],
          [-7.8562e-03, -4.3218e-03,  6.4765e-03],
          [ 3.6105e-02,  1.3047e-02, -4.0023e-02]],

         ...,

         [[-4.1662e-02,  3.2345e-02,  1.9249e-02],
          [-2.8437e-02,  3.0093e-02, -1.6521e-03],
          [-3.3435e-02,  4.6233e-03, -3.8316e-02]],

         [[ 1.8158e-03, -1.0637e-02, -2.3459e-02],
          [-1.1735e-02,  3.6863e-02,  2.9595e-04],
          [-3.0875e-02,  4.1268e-02,  3.8334e-03]],

         [[-3.2932e-02,  1.1433e-02,  2.7060e-02],
          [-2.4826e-02,  3.8870e-02, -3.5652e-02],
          [ 2.7264e-02, -6.6112e-03,  3.8275e-02]]],


        [[[ 7.1743e-03,  3.8639e-02, -2.8087e-02],
          [ 1.5530e-02,  1.5423e-02,  1.7925e-02],
          [ 1.1557e-02, -3.0630e-03, -2.1628e-03]],

         [[-3.7467e-02,  1.8306e-02,  3.5070e-02],
          [ 1.8542e-02, -1.1398e-02, -3.0275e-02],
          [-2.5428e-02, -1.8554e-02, -2.0239e-02]],

         [[-3.6596e-02,  2.2198e-02,  1.6394e-02],
          [ 2.2146e-02, -1.1771e-02, -3.0230e-02],
          [ 1.5305e-02,  1.2752e-02, -3.1053e-02]],

         ...,

         [[-2.6291e-02, -8.1594e-03,  3.4610e-02],
          [ 1.1246e-02,  3.3948e-02,  4.1418e-02],
          [-1.7126e-02, -2.2410e-02,  8.2068e-03]],

         [[ 3.7659e-02, -3.3984e-02, -1.7078e-02],
          [ 1.4812e-02, -4.1202e-02, -9.4427e-05],
          [-3.5804e-02,  3.8330e-02,  7.8098e-03]],

         [[-2.8672e-03,  4.3263e-04,  4.0844e-02],
          [ 2.4085e-02, -7.6533e-03, -2.5019e-02],
          [-3.5600e-02, -2.9743e-02, -2.1576e-02]]]], requires_grad=True), Parameter containing:
tensor([1.0000, 1.0000, 1.0000, 1.0000, 1.0000, 1.0000, 1.0000, 1.0000, 1.0000,
        1.0000, 1.0000, 1.0000, 1.0000, 1.0001, 1.0000, 1.0000, 1.0000, 1.0000,
        1.0000, 1.0000, 1.0000, 1.0001, 1.0000, 1.0001, 1.0001, 1.0000, 1.0000,
        1.0000, 1.0001, 1.0000, 1.0000, 1.0000, 0.9999, 0.9999, 1.0000, 1.0000,
        1.0000, 0.9999, 1.0000, 1.0000, 1.0000, 1.0000, 1.0000, 1.0000, 1.0000,
        1.0000, 1.0000, 1.0000, 0.9999, 1.0000, 1.0000, 1.0000, 1.0000, 0.9999,
        1.0000, 1.0000, 0.9999, 1.0000, 1.0000, 1.0000, 1.0000, 1.0000, 1.0000,
        1.0000], requires_grad=True), Parameter containing:
tensor([-1.6635e-06,  1.9975e-05, -3.6401e-06,  4.2419e-05, -4.2355e-05,
         1.9904e-05,  3.7399e-05, -1.9307e-07,  1.6106e-06, -1.5273e-05,
        -2.0911e-06,  1.5123e-05,  4.4401e-06,  8.7157e-05, -2.5150e-05,
         3.0892e-05,  1.6399e-05,  1.1692e-05, -1.8267e-05,  3.0351e-05,
         4.4601e-05,  2.1781e-05,  2.7522e-05,  3.5131e-05,  5.3223e-05,
        -4.1669e-06, -9.6315e-06,  4.6597e-05,  2.6196e-05, -3.6987e-05,
         1.0582e-05, -1.6528e-05, -2.9884e-06, -1.0679e-05, -5.9374e-06,
        -4.1061e-06, -1.6392e-05, -4.0362e-05,  2.8842e-05,  1.0620e-05,
         5.8702e-06,  9.9090e-06, -2.1740e-05,  1.5797e-05, -2.0751e-05,
         1.2413e-05,  3.2776e-05,  3.0757e-06, -5.5456e-05, -1.0521e-05,
        -5.2368e-06, -5.4571e-05, -1.5259e-05, -2.1501e-05, -4.6761e-05,
         2.2351e-05, -4.8992e-05, -2.2634e-05, -4.0341e-09,  1.7273e-05,
        -2.6957e-05, -3.5456e-05, -1.7999e-05,  3.8116e-05],
       requires_grad=True), Parameter containing:
tensor([1.0000, 1.0000, 1.0000, 0.9999, 1.0000, 1.0000, 1.0000, 1.0000, 1.0001,
        1.0000, 1.0000, 1.0000, 1.0000, 1.0000, 1.0000, 1.0000, 1.0000, 1.0000,
        1.0000, 0.9999, 1.0000, 1.0000, 1.0000, 0.9999, 1.0000, 1.0000, 0.9999,
        1.0001, 1.0000, 1.0000, 1.0000, 1.0000, 1.0000, 1.0000, 1.0001, 1.0000,
        1.0000, 1.0000, 1.0000, 1.0000, 1.0000, 0.9999, 1.0000, 1.0000, 1.0000,
        1.0000, 1.0000, 1.0000, 0.9999, 1.0000, 1.0000, 1.0000, 1.0000, 1.0001,
        1.0000, 1.0000, 1.0000, 1.0000, 1.0000, 1.0000, 1.0000, 1.0000, 1.0000,
        1.0000], requires_grad=True), Parameter containing:
tensor([-2.0701e-05, -7.5904e-06,  2.8805e-05, -8.0158e-07, -1.1334e-05,
         3.3293e-06, -1.5225e-06,  5.7401e-06, -4.8234e-07, -5.8268e-07,
         1.9169e-05,  5.3990e-07, -1.2130e-05, -1.1662e-06, -1.3634e-05,
        -6.8872e-06,  3.7279e-06,  6.7644e-06,  1.2273e-05, -1.4726e-05,
        -6.0806e-06,  1.5911e-05,  1.4572e-05, -5.8339e-06, -2.2128e-06,
         1.8692e-05, -1.8607e-05,  1.2151e-06, -1.1069e-05,  8.9996e-06,
         1.5780e-05,  9.2369e-06,  1.7789e-05, -5.8983e-06,  8.8432e-06,
        -6.6135e-06,  1.3681e-05, -2.2519e-07, -5.8854e-06, -3.4633e-06,
         1.3394e-06,  2.6379e-05,  2.7042e-05,  5.7343e-06, -2.3877e-06,
         1.1815e-05, -4.1903e-05,  9.4672e-06, -4.8254e-06,  6.3294e-06,
        -1.7582e-05, -1.3500e-05,  4.1409e-06,  1.2409e-07,  1.1031e-05,
        -4.7299e-05,  4.0357e-07, -5.9966e-06, -2.9975e-06,  7.5088e-07,
        -9.8467e-06,  1.4122e-05,  1.0642e-06, -4.7538e-06],
       requires_grad=True), Parameter containing:
tensor([[[[ 0.0459]],

         [[-0.0862]],

         [[ 0.1043]],

         [[-0.0929]],

         [[-0.0920]],

         [[-0.0205]],

         [[ 0.0389]],

         [[-0.0246]],

         [[-0.0075]],

         [[-0.0745]],

         [[ 0.1182]],

         [[-0.1040]],

         [[-0.0678]],

         [[-0.1260]],

         [[ 0.0575]],

         [[-0.0510]],

         [[ 0.1200]],

         [[-0.0118]],

         [[ 0.0589]],

         [[-0.1101]],

         [[-0.0368]],

         [[ 0.0647]],

         [[ 0.0421]],

         [[ 0.0405]],

         [[-0.1244]],

         [[ 0.0354]],

         [[ 0.0944]],

         [[-0.0567]],

         [[-0.0173]],

         [[ 0.1057]],

         [[ 0.0099]],

         [[ 0.0627]],

         [[ 0.1170]],

         [[ 0.0822]],

         [[-0.0647]],

         [[ 0.0514]],

         [[ 0.0779]],

         [[-0.0640]],

         [[ 0.0590]],

         [[-0.0318]],

         [[ 0.0239]],

         [[ 0.1069]],

         [[-0.0348]],

         [[ 0.0440]],

         [[ 0.1050]],

         [[ 0.1234]],

         [[-0.0982]],

         [[ 0.0723]],

         [[-0.1197]],

         [[-0.0353]],

         [[-0.1162]],

         [[ 0.0439]],

         [[-0.0251]],

         [[ 0.1020]],

         [[-0.0281]],

         [[-0.0932]],

         [[-0.0560]],

         [[-0.0038]],

         [[-0.0094]],

         [[ 0.0975]],

         [[ 0.0830]],

         [[ 0.0077]],

         [[-0.0475]],

         [[-0.0008]]],


        [[[-0.1107]],

         [[ 0.0812]],

         [[-0.0944]],

         [[-0.0960]],

         [[-0.0054]],

         [[ 0.0110]],

         [[ 0.0320]],

         [[-0.0019]],

         [[-0.0843]],

         [[ 0.1142]],

         [[ 0.0742]],

         [[ 0.0410]],

         [[-0.0945]],

         [[ 0.1045]],

         [[ 0.0903]],

         [[-0.0416]],

         [[ 0.0269]],

         [[-0.1214]],

         [[ 0.0530]],

         [[ 0.1024]],

         [[-0.0491]],

         [[ 0.0312]],

         [[ 0.1116]],

         [[ 0.1084]],

         [[-0.0860]],

         [[-0.1185]],

         [[ 0.0587]],

         [[ 0.1197]],

         [[ 0.1162]],

         [[-0.0545]],

         [[ 0.0435]],

         [[-0.0230]],

         [[ 0.0739]],

         [[-0.0183]],

         [[-0.0920]],

         [[-0.0323]],

         [[-0.0166]],

         [[-0.0009]],

         [[ 0.0934]],

         [[-0.0113]],

         [[-0.0222]],

         [[ 0.0850]],

         [[ 0.1213]],

         [[ 0.0673]],

         [[-0.0322]],

         [[-0.0179]],

         [[ 0.0333]],

         [[ 0.0354]],

         [[-0.1096]],

         [[ 0.0278]],

         [[-0.0966]],

         [[-0.0507]],

         [[-0.0162]],

         [[ 0.0652]],

         [[ 0.0356]],

         [[-0.1009]],

         [[-0.0980]],

         [[-0.0282]],

         [[-0.0394]],

         [[-0.0313]],

         [[-0.0132]],

         [[-0.0914]],

         [[-0.0007]],

         [[ 0.0658]]]], requires_grad=True), Parameter containing:
tensor([0.9982, 0.9984], requires_grad=True), Parameter containing:
tensor([-0.0010, -0.0009], requires_grad=True), Parameter containing:
tensor([[-0.0382,  0.0388, -0.0325,  ..., -0.0037, -0.0774, -0.0169],
        [ 0.0350,  0.0557, -0.0126,  ...,  0.0014, -0.0777,  0.0344],
        [-0.0234,  0.0428, -0.0048,  ..., -0.0677, -0.0246,  0.0409],
        ...,
        [ 0.0396, -0.0455, -0.0073,  ...,  0.0532, -0.0264, -0.0114],
        [-0.0700, -0.0501,  0.0725,  ..., -0.0640,  0.0594, -0.0236],
        [-0.0600, -0.0707,  0.0610,  ...,  0.0314,  0.0054,  0.0765]],
       requires_grad=True), Parameter containing:
tensor([ 0.0174, -0.0370,  0.0618,  0.0050,  0.0176,  0.0237, -0.0719, -0.0156,
         0.0404, -0.0125, -0.0455, -0.0762,  0.0139, -0.0774, -0.0339,  0.0322,
         0.0411,  0.0231, -0.0498, -0.0427, -0.0131,  0.0102, -0.0592, -0.0598,
        -0.0704, -0.0515, -0.0144,  0.0569,  0.0675, -0.0049,  0.0744, -0.0281,
         0.0126,  0.0388,  0.0766, -0.0268,  0.0771, -0.0122,  0.0463,  0.0418,
         0.0289,  0.0431, -0.0776, -0.0160,  0.0093, -0.0012, -0.0330,  0.0547,
        -0.0362, -0.0366, -0.0127, -0.0685,  0.0575, -0.0427, -0.0400,  0.0402,
         0.0328, -0.0585,  0.0693,  0.0363,  0.0493,  0.0575,  0.0125,  0.0702,
        -0.0448, -0.0757, -0.0162,  0.0038,  0.0731,  0.0723,  0.0484,  0.0397,
        -0.0719,  0.0226,  0.0168,  0.0081, -0.0020, -0.0521,  0.0372, -0.0672,
         0.0215,  0.0650], requires_grad=True), Parameter containing:
tensor([[[[-0.0026]],

         [[-0.0878]],

         [[ 0.0561]],

         [[-0.0437]],

         [[ 0.0065]],

         [[-0.0033]],

         [[ 0.0048]],

         [[ 0.0500]],

         [[ 0.0796]],

         [[-0.0615]],

         [[ 0.0303]],

         [[ 0.1160]],

         [[ 0.0219]],

         [[ 0.0746]],

         [[ 0.0059]],

         [[-0.0776]],

         [[-0.0879]],

         [[ 0.1050]],

         [[-0.0737]],

         [[ 0.0153]],

         [[ 0.1167]],

         [[-0.1191]],

         [[-0.0287]],

         [[-0.0979]],

         [[-0.0404]],

         [[ 0.0430]],

         [[ 0.0555]],

         [[-0.0476]],

         [[-0.0669]],

         [[ 0.0890]],

         [[ 0.0075]],

         [[-0.1219]],

         [[ 0.0221]],

         [[ 0.0678]],

         [[-0.0042]],

         [[-0.0525]],

         [[-0.0670]],

         [[-0.0447]],

         [[-0.0288]],

         [[-0.0812]],

         [[-0.0538]],

         [[-0.0325]],

         [[-0.1218]],

         [[-0.1107]],

         [[ 0.1011]],

         [[-0.1093]],

         [[ 0.1168]],

         [[-0.0790]],

         [[ 0.0328]],

         [[-0.0443]],

         [[ 0.0223]],

         [[-0.0572]],

         [[-0.1208]],

         [[-0.0241]],

         [[-0.0622]],

         [[ 0.0304]],

         [[-0.1162]],

         [[-0.0643]],

         [[ 0.0881]],

         [[ 0.0322]],

         [[-0.0414]],

         [[ 0.1116]],

         [[ 0.0247]],

         [[ 0.0933]]]], requires_grad=True), Parameter containing:
tensor([0.9999], requires_grad=True), Parameter containing:
tensor([-9.0704e-05], requires_grad=True), Parameter containing:
tensor([[ 0.0245, -0.0303, -0.1022, -0.0434, -0.0694, -0.0392, -0.0340, -0.1029,
         -0.0318,  0.1060, -0.0317,  0.0262, -0.0452,  0.0719,  0.0297,  0.0291,
          0.0372,  0.0118, -0.1014, -0.0824,  0.0228,  0.0374,  0.0551,  0.0145,
          0.0602, -0.0876, -0.0945,  0.1102,  0.0636, -0.0901, -0.1007, -0.0122,
         -0.0143, -0.0600, -0.0369,  0.0400,  0.0221, -0.0732,  0.0584, -0.0273,
          0.0031, -0.0814,  0.0133, -0.1053, -0.0951,  0.0982,  0.0718, -0.0723,
          0.0313,  0.0408, -0.0199, -0.0808, -0.0202,  0.0769, -0.0487, -0.0142,
          0.0774,  0.0253, -0.0016, -0.0603,  0.0901,  0.0681, -0.0982, -0.0204,
          0.0616, -0.0691,  0.0493, -0.0709, -0.1082,  0.0722, -0.1090, -0.0406,
          0.0025, -0.0498, -0.0876, -0.0465,  0.1073, -0.0459, -0.0578, -0.0610,
          0.0425],
        [-0.0186,  0.0571, -0.1030,  0.0812,  0.0482,  0.0632,  0.0499,  0.0504,
          0.0570,  0.0525, -0.0191,  0.0778,  0.0319, -0.0323,  0.0791,  0.0259,
          0.0317,  0.0952,  0.0525, -0.0645,  0.0380, -0.0614, -0.0398, -0.0122,
          0.0594, -0.0888,  0.0813,  0.0103, -0.0752, -0.0837, -0.0156, -0.0150,
          0.0190,  0.0096, -0.0425, -0.0543,  0.0543, -0.0701, -0.0378, -0.0311,
          0.0205,  0.0325,  0.0603,  0.0332, -0.0987,  0.1071, -0.0234,  0.0378,
         -0.0749, -0.0074, -0.0485,  0.0963, -0.0751, -0.0932, -0.0139,  0.0078,
          0.0744,  0.0683, -0.0086, -0.0572, -0.0640,  0.0668,  0.0467, -0.0547,
         -0.0616, -0.0901,  0.0909, -0.1072,  0.0419, -0.0054, -0.0094,  0.0341,
         -0.0014, -0.0140, -0.1079,  0.0772,  0.0617,  0.0589,  0.0016,  0.0985,
         -0.1029],
        [ 0.0561, -0.0953,  0.0298,  0.0361, -0.0894,  0.0481,  0.1091, -0.0744,
          0.0884, -0.0967, -0.0804, -0.0727,  0.0910,  0.0557, -0.0790,  0.0268,
         -0.0279,  0.0149,  0.0591,  0.0413, -0.0269,  0.0344, -0.0699,  0.0017,
          0.0617,  0.0248, -0.0542, -0.0074, -0.0525, -0.0480, -0.0636,  0.0991,
          0.1015,  0.0662, -0.0730, -0.0432,  0.0409,  0.0061, -0.0717, -0.0090,
         -0.0794, -0.0760, -0.0404,  0.0973,  0.1037, -0.0037,  0.0843, -0.0392,
         -0.0023, -0.0700, -0.0522,  0.0251,  0.0910,  0.1061,  0.0095, -0.0102,
          0.1079, -0.0667, -0.0106,  0.0551,  0.1089,  0.0077,  0.0225, -0.0965,
          0.0002,  0.1001, -0.0990,  0.0833,  0.0797, -0.0720,  0.0282,  0.0030,
          0.0583,  0.0182, -0.0121,  0.0063,  0.0237,  0.0175, -0.0301,  0.0078,
          0.0427]], requires_grad=True), Parameter containing:
tensor([ 0.0677,  0.0645, -0.0010], requires_grad=True)]
